(64,)
-0.016519
0.156226
-0.018877
-0.007128
-0.043870
-0.077438
0.201375
0.133928
0.037387
0.061014
-0.053029
0.006214
-0.011689
0.060845
0.257460
0.007359
0.058000
0.034614
0.133618
0.003253
-0.009783
0.037943
0.123646
0.040648
-0.048173
0.000068
0.169821
0.016207
0.044845
0.033073
-0.054937
0.015467
0.011535
0.100276
0.007574
-0.024022
0.029666
-0.015770
-0.043513
-0.005494
-0.025957
-0.033929
-0.030320
0.008723
-0.040539
0.044002
0.061768
0.176256
0.030557
0.024680
0.057039
0.168471
0.038255
-0.030811
0.012603
0.001034
0.014142
0.058829
-0.064844
0.063056
0.056739
-0.012341
0.045921
-0.023076
