(64,)
0.057767
0.024094
0.028108
-0.014116
0.018460
0.006069
-0.002614
-0.019140
-0.003497
-0.008546
0.017570
0.026460
-0.012189
0.012854
-0.000367
-0.025594
-0.024003
0.022625
0.073475
-0.036430
0.022515
-0.017617
-0.009998
-0.022018
0.011032
-0.007929
-0.035867
0.012657
-0.006315
0.021707
0.041575
-0.009801
-0.020025
-0.022151
0.044017
0.003293
-0.010723
-0.051474
-0.010906
0.012209
0.043921
0.003851
0.015414
-0.023803
-0.011083
0.024702
-0.013155
-0.028818
0.014806
-0.019716
0.027715
0.020153
-0.022809
-0.024046
-0.008817
-0.015654
0.068696
0.022560
0.008157
-0.003510
0.005981
-0.012315
-0.023462
0.008763
