(64,)
1.344435
-0.093462
0.104734
-0.140288
0.029585
-0.113286
-0.105116
-0.097765
0.127822
0.062584
0.048647
-0.120139
-1.215120
0.049509
0.379957
0.103359
0.084995
-0.025849
0.032406
-0.149688
0.015842
-0.112986
0.020827
-0.050765
0.084969
0.141095
0.009249
0.045984
-0.297409
-0.766894
0.355454
0.027399
-0.259358
-0.069580
-0.040342
0.233892
0.043401
0.118639
-0.047166
0.019649
0.025163
0.298296
0.203218
2.250878
-0.199139
0.099055
7.044459
0.019392
0.247078
-0.001773
0.177744
-0.064344
-0.011586
0.081019
-0.096119
0.112613
-0.285176
-0.292732
-0.107120
0.029750
-0.014390
-0.353999
-0.082084
0.003097
