(54,)
0.000137
-0.000137
0.000000
0.000000
0.000091
-0.000091
0.000046
-0.000046
0.000274
0.113945
-0.882044
0.470938
-0.090190
-0.723712
-0.881943
-0.616051
-0.882151
0.427796
0.054265
0.042138
0.005280
-0.039190
-0.003174
-0.003224
-0.003434
-0.003028
-0.108360
0.022043
-0.102566
0.144787
-0.038816
-0.162758
-0.150021
0.094399
-0.006695
-0.218980
0.129461
-0.111733
-0.000267
0.000003
0.000128
0.000039
-0.231945
0.063658
-0.146714
0.009033
0.000154
0.000007
0.000117
-0.000053
-0.117459
0.054968
-0.131431
0.043543
