(1, 1, 48, 192)
0.001494
-0.004944
-0.154809
0.019809
-0.045269
0.031666
-0.073362
-0.049703
-0.042805
0.094030
-0.100890
-0.042130
0.000170
0.004715
-0.021105
-0.126157
0.030098
0.062828
-0.112611
-0.048024
-0.008859
-0.070042
-0.028537
-0.034707
0.052152
-0.009282
-0.155820
-0.074261
-0.049351
-0.107723
-0.003163
0.092616
-0.178163
0.007577
0.041770
0.013299
0.060629
0.144206
-0.039592
-0.193803
0.025850
0.038920
0.094837
-0.105154
-0.126597
0.009605
-0.090261
-0.143489
0.023179
0.075276
0.163348
-0.030753
0.030577
-0.034757
-0.053742
0.016326
-0.011701
-0.040879
-0.002263
0.105438
-0.014624
0.096652
-0.035344
-0.076701
-0.066575
-0.015040
0.106939
0.101551
-0.073220
0.011387
-0.019738
-0.031714
-0.012497
-0.046756
0.011377
-0.121118
-0.052833
-0.020092
-0.003928
0.062645
-0.080445
0.035293
0.100082
-0.018456
-0.044191
0.080800
0.001530
-0.061645
0.058846
-0.055979
0.000920
0.017638
0.122159
0.042131
0.092556
0.057385
-0.074916
-0.057807
-0.077239
-0.046294
-0.059947
0.027848
-0.054808
-0.018046
-0.030821
-0.016344
0.066296
-0.041280
0.047669
-0.018400
0.014811
0.039903
-0.037877
-0.031464
0.124189
-0.015537
-0.056119
0.096335
-0.190954
0.006647
0.004358
0.115451
-0.113296
-0.006011
0.058830
0.003392
-0.081714
0.077028
0.067272
-0.019758
-0.043428
-0.079494
-0.081530
0.027184
0.134668
0.035305
-0.011841
-0.109126
-0.046853
-0.076147
0.013186
-0.039548
-0.090884
0.074228
-0.010573
-0.026710
-0.017015
0.104445
0.121881
-0.106542
-0.101557
-0.076672
0.086245
-0.023145
-0.028003
-0.028800
0.024157
0.041177
0.166210
-0.023932
-0.018452
0.047585
0.067960
-0.088580
-0.074869
-0.015762
-0.018897
-0.010172
-0.025234
0.101453
-0.093634
-0.033598
-0.059244
0.089373
0.050223
-0.014771
-0.066022
-0.075559
-0.108364
-0.004619
0.045714
-0.021580
-0.032330
-0.009254
-0.012299
0.042586
0.006074
0.053498
-0.072085
-0.122111
0.035027
-0.042202
-0.086204
0.123165
-0.054587
-0.053656
0.047691
0.069893
-0.061170
0.021377
-0.066453
-0.048952
-0.035532
0.029797
0.032372
0.033601
-0.018452
-0.052129
0.052804
0.078400
-0.051033
0.017514
0.147442
0.035532
0.036632
0.078743
-0.007662
0.076274
-0.105692
-0.080564
0.139835
0.046056
-0.147856
0.055163
-0.056095
0.019230
-0.105305
0.046051
-0.054487
0.000325
-0.087025
-0.162192
-0.078705
-0.034246
0.027574
0.045651
0.070319
-0.199783
-0.100735
-0.136799
0.095730
-0.005897
0.056981
-0.051660
-0.132575
0.095858
-0.204607
0.018936
-0.090525
-0.073036
0.082063
0.093423
-0.124981
0.046354
-0.029414
-0.061409
-0.079147
0.041137
-0.081093
0.082444
0.039319
0.048618
-0.118732
0.024131
0.013177
0.251834
0.012496
-0.048136
-0.090131
-0.120712
0.037228
0.063687
0.076929
0.012226
0.043240
0.008361
-0.055515
-0.054295
-0.020651
0.183832
-0.040032
0.042736
-0.080653
0.142267
-0.010575
0.016792
0.086831
-0.023642
0.094358
0.011244
-0.131423
0.030519
-0.076125
0.001375
0.079794
0.053063
0.065185
0.065910
-0.019046
0.036369
-0.077085
-0.081878
-0.065875
-0.014732
0.122840
0.061312
0.036046
-0.045467
-0.084698
-0.091393
0.031783
-0.037030
0.058766
-0.004082
-0.057122
0.061920
0.091667
0.126443
-0.027095
-0.007161
-0.127403
-0.076832
0.020607
-0.101711
-0.063866
0.046160
-0.006566
0.053250
-0.056980
-0.024159
-0.082282
-0.007902
0.042836
-0.041681
-0.086485
-0.148273
-0.080987
0.000658
0.047978
-0.006659
-0.103093
0.090964
0.043960
-0.010060
-0.174901
-0.086590
0.066111
-0.150809
0.079932
0.162161
-0.078204
-0.141813
-0.041507
-0.036868
-0.020253
-0.121172
0.122864
0.111752
-0.136180
-0.032507
-0.019271
-0.016000
0.153927
-0.077067
-0.032355
-0.142717
0.099482
-0.146862
-0.071530
-0.076305
0.237820
0.039630
-0.021532
-0.155134
-0.051819
0.079467
0.050376
0.042940
-0.041049
-0.210166
-0.005841
0.005919
0.101398
-0.000667
-0.155312
-0.005572
-0.046992
-0.066662
-0.051126
0.010090
-0.054959
-0.041688
0.071843
-0.063862
-0.109079
0.238611
-0.121374
0.171841
0.081504
0.017961
0.135123
0.006439
0.059616
0.067317
-0.085776
0.272168
-0.024275
-0.022434
-0.095420
-0.005797
-0.163584
-0.144651
-0.007606
-0.067005
0.084232
-0.086812
0.040589
-0.064444
0.278645
0.082931
0.042236
-0.189429
0.061190
-0.014370
-0.042744
0.019382
0.014412
0.040878
-0.051958
-0.007034
0.072206
-0.106441
-0.118136
-0.025459
-0.021243
-0.101731
-0.033186
0.019268
-0.030214
0.056019
0.095963
-0.024487
0.024579
0.037114
0.097507
-0.047610
0.019266
0.105045
-0.107369
0.113722
0.020524
0.030534
0.073193
0.024904
-0.026879
-0.109011
-0.149504
-0.010150
-0.006098
0.095066
0.101987
-0.081646
-0.064574
-0.068012
0.030137
0.047667
-0.105377
-0.014290
-0.014518
-0.073342
0.006717
0.019495
0.016796
-0.053387
0.027509
-0.171358
0.001130
-0.010742
0.138908
-0.100535
-0.042893
0.059948
0.003923
0.000505
-0.074305
-0.029415
-0.058019
-0.128245
0.100768
-0.034831
-0.091763
-0.019110
0.119517
-0.002111
0.017461
-0.066271
0.021577
-0.000234
0.026987
-0.125139
-0.085477
0.003258
-0.211038
-0.108029
-0.057789
0.012018
0.060876
0.007282
0.119945
-0.018451
-0.042226
0.007686
0.086661
-0.032833
-0.017355
-0.051455
-0.118441
-0.039250
-0.140228
0.014292
0.147375
-0.016539
0.061967
-0.026144
-0.007069
0.030267
0.013494
-0.037926
0.058429
0.154557
-0.004708
-0.058034
-0.007461
-0.162475
0.018841
0.015261
0.132206
-0.012712
-0.026430
-0.060859
-0.022630
0.009602
-0.072085
-0.067480
-0.110887
0.120416
0.192274
-0.029663
-0.057303
-0.039291
0.055543
-0.014055
0.214727
-0.001563
0.026051
-0.003006
0.028438
-0.101729
0.035098
0.134630
0.060692
0.146118
-0.068928
-0.127139
0.012691
0.026086
-0.107288
0.096072
0.046550
0.017605
0.040680
0.056315
-0.122253
0.059349
0.138230
-0.095252
-0.032472
-0.019212
-0.029710
0.115674
-0.077096
0.007635
-0.005687
-0.006983
0.001105
-0.044007
-0.032109
-0.077816
-0.143323
0.053083
-0.044244
-0.000925
0.060599
-0.071955
-0.133315
-0.016084
-0.018750
-0.037142
-0.067774
-0.063576
-0.056913
0.001584
0.009525
-0.106822
-0.046593
0.038946
-0.032057
-0.150822
0.023564
0.044976
-0.068776
-0.166500
0.013015
0.025066
-0.026399
-0.112706
-0.011049
0.033648
0.036978
-0.095448
-0.040406
-0.041131
0.443796
0.027065
-0.083839
-0.042757
0.063490
0.014378
-0.079915
0.071580
-0.067786
-0.057973
-0.122174
-0.036912
-0.049380
-0.007684
0.027667
-0.083161
-0.086554
0.124123
0.049550
-0.063145
-0.049982
-0.052185
0.010103
-0.100782
-0.067691
-0.062376
0.052929
0.134447
0.056544
-0.051431
0.111577
0.061202
-0.018970
0.027030
-0.046049
-0.020166
-0.002909
0.067972
0.142784
-0.113012
-0.001510
0.008124
0.016443
-0.053676
0.033140
0.033621
0.068823
0.045828
-0.089675
-0.006630
0.029875
0.020994
-0.051484
-0.050869
-0.047307
0.087216
0.014328
-0.040762
-0.012358
-0.016923
0.076366
-0.085661
-0.049525
-0.014035
-0.058369
0.007993
0.108936
0.007081
-0.016041
0.022834
0.062010
0.036940
0.021895
-0.053954
0.089037
0.012606
0.135416
-0.102175
0.023452
-0.055408
-0.039341
0.088503
-0.158196
-0.183135
0.004400
0.052155
0.018751
-0.031347
-0.027583
-0.050129
0.056380
0.040753
0.071848
-0.055587
-0.079855
0.135801
0.085315
-0.006043
-0.042654
-0.067707
0.017389
-0.061002
-0.055529
-0.029731
-0.013354
-0.033201
0.041659
-0.025493
-0.010145
0.022868
-0.008707
0.020068
-0.005516
0.071566
-0.097691
0.037601
-0.027681
-0.009744
0.243387
-0.041645
-0.037673
-0.159999
0.001705
-0.185691
-0.079556
0.047121
-0.051162
-0.044113
-0.014623
-0.023499
-0.042336
-0.039942
0.121104
-0.026175
0.026095
0.057836
-0.088309
0.041681
-0.028393
0.005821
0.002148
-0.074013
-0.100037
-0.043752
0.021074
0.019963
-0.033508
0.128654
-0.080769
-0.077722
-0.016832
0.190998
0.055347
0.113998
0.046439
0.043410
0.168013
0.013728
0.147388
0.112842
0.090027
0.099330
-0.032849
-0.097970
0.036017
-0.034465
-0.047091
-0.079888
0.000420
0.066460
0.012966
0.063273
0.092052
-0.024487
-0.125697
0.015691
-0.033580
-0.066282
-0.064079
-0.026820
0.077971
-0.075646
0.021613
0.163952
-0.087271
0.053587
0.129424
0.109215
-0.062549
-0.028597
0.058435
0.009812
-0.115000
-0.024052
0.135853
-0.095300
-0.077908
-0.175353
-0.027968
0.036468
0.095586
-0.002726
-0.027954
-0.058711
0.008695
-0.109193
-0.085112
0.064855
-0.084091
-0.022506
-0.047708
-0.048079
-0.017738
0.052034
0.058382
-0.047724
-0.029304
0.139544
-0.112368
0.012269
0.202849
0.014212
0.000382
-0.026465
0.088862
0.107986
0.000038
-0.093252
0.044766
0.020629
-0.029207
-0.093046
-0.047847
-0.114323
-0.031924
-0.015265
0.004735
0.176571
-0.048394
-0.116456
0.163009
0.096021
0.016375
-0.055051
-0.102156
-0.039672
0.095061
0.032415
0.077660
-0.026165
-0.126394
-0.029160
-0.096109
-0.077618
-0.030304
-0.048685
-0.049117
0.009893
-0.122701
0.060725
-0.026473
-0.156317
-0.018064
0.248589
0.012057
-0.128207
0.004986
0.168920
-0.075277
0.006516
-0.060519
0.021931
0.064610
0.089207
0.010150
0.114455
-0.022417
0.038662
-0.069624
0.010157
0.052728
0.106706
0.004949
-0.042636
-0.073910
-0.059367
-0.041354
-0.136000
-0.027536
0.003308
0.047204
0.064979
-0.042999
0.079971
0.083379
-0.022421
0.055345
-0.123391
-0.033685
-0.092766
-0.078531
-0.012137
0.126650
0.024502
-0.117420
-0.068064
0.030022
-0.020370
-0.067731
-0.061721
0.067168
0.027489
-0.002742
0.027956
-0.081889
-0.097635
0.080472
0.104613
0.089571
-0.020452
0.214577
-0.046560
-0.036145
-0.020646
0.090950
-0.067507
0.064746
-0.065336
-0.019403
-0.058399
0.091966
0.033057
-0.042184
-0.078045
0.012417
-0.000763
0.040992
0.020727
-0.103663
-0.066676
-0.012329
0.021581
-0.104986
-0.030438
-0.067993
-0.007100
-0.011631
0.007589
0.003769
0.037113
0.072692
-0.014497
-0.087852
0.125742
0.186265
-0.019935
0.013505
-0.155735
0.153644
-0.186882
0.117846
0.114991
0.138370
-0.045727
-0.129077
0.037866
0.010222
-0.076263
0.045837
0.065175
0.022007
-0.096857
-0.079967
-0.011652
0.013387
0.009780
0.050675
0.022990
0.058658
-0.048420
0.038817
-0.001722
0.002654
0.008125
-0.080440
0.064536
-0.026951
0.060941
-0.070001
-0.056913
-0.159234
-0.059077
0.015067
-0.064190
0.070902
-0.122909
0.051305
-0.089607
-0.085295
0.005003
0.121336
-0.082712
0.016376
-0.041716
0.069519
0.133609
-0.009992
-0.112421
0.004460
0.028351
0.008909
0.049468
-0.031297
-0.050544
0.005094
-0.036928
0.125689
0.052112
-0.098387
0.162959
0.146754
-0.123942
-0.129745
-0.002758
-0.165499
0.181335
-0.076756
-0.266869
0.135398
-0.057545
-0.088716
-0.014424
-0.037701
0.109460
-0.025434
-0.135248
-0.047610
-0.204233
0.038510
-0.037529
-0.033462
-0.251759
-0.080878
-0.017819
-0.127295
-0.097940
-0.021821
-0.025418
-0.088377
-0.015492
0.103021
0.059769
-0.037122
0.085577
0.064656
-0.018343
-0.072491
0.026562
-0.022300
-0.011102
0.067590
-0.002573
0.153936
0.136657
-0.071746
0.037980
-0.201774
0.029567
-0.066805
0.119924
-0.060299
0.005039
0.107219
-0.083891
-0.019685
-0.096347
-0.094931
-0.080575
-0.131715
0.134258
-0.082978
0.066805
0.125463
0.089866
0.045012
-0.135060
-0.096258
0.166261
-0.003722
-0.037195
-0.050622
-0.128618
-0.101530
-0.045897
0.013636
-0.135524
-0.113911
0.079795
-0.124615
-0.060620
-0.089329
0.103793
0.025004
-0.066959
0.119690
-0.091540
0.118022
-0.044400
0.088020
0.009228
-0.000868
0.046419
0.005612
0.088155
-0.011441
-0.078677
-0.033528
-0.058835
0.100116
-0.046777
-0.001772
-0.007562
0.085510
-0.055074
-0.064970
0.099148
-0.083813
-0.096351
-0.005896
-0.043720
-0.028609
-0.069914
-0.008426
-0.030917
0.121393
-0.018852
0.092867
-0.164152
-0.020389
0.167016
0.034517
0.018012
0.038637
-0.065675
-0.017666
-0.037660
0.034016
0.079647
-0.070180
0.051535
-0.039867
0.047708
-0.104967
0.024217
0.024061
0.011673
-0.006054
0.027415
-0.065502
-0.097026
0.051086
0.036417
-0.045072
-0.004510
-0.047898
-0.001568
0.104067
0.027847
-0.021281
0.054118
-0.122269
-0.019507
-0.093342
-0.102489
-0.021844
0.082529
-0.029336
0.191870
0.027594
-0.006632
0.038441
-0.037498
0.018588
-0.114048
0.037904
-0.016220
-0.044536
0.068571
-0.097507
-0.187220
-0.010178
-0.010712
-0.083940
0.115870
-0.000120
0.112677
-0.008012
-0.000649
-0.037677
-0.013277
-0.367800
-0.084716
0.052024
-0.097252
-0.118873
-0.078006
-0.027862
-0.056178
-0.012102
-0.027172
-0.020256
-0.033078
0.029692
-0.060257
-0.041665
-0.093119
0.012947
-0.044368
0.061692
0.019788
0.034565
-0.028432
-0.145195
-0.002998
-0.032555
-0.006583
-0.012234
-0.028857
0.016947
-0.029672
-0.024348
0.021210
0.000565
0.024047
0.077742
0.005437
0.020358
-0.012957
0.033020
-0.097955
-0.025532
-0.023691
-0.005821
-0.044658
-0.051122
0.028401
-0.035567
-0.008256
0.019126
0.039240
-0.044392
-0.050049
-0.084279
-0.024059
0.015625
0.032837
0.069397
0.059251
-0.023878
0.019979
0.129700
-0.134923
0.087754
-0.029184
-0.024418
-0.023208
0.021550
-0.067877
-0.027734
-0.040306
-0.019345
-0.018112
-0.011955
0.013484
-0.049094
-0.020200
0.015485
0.030251
0.011877
0.001161
-0.086404
-0.065424
-0.149323
0.004704
0.311404
0.052967
0.005171
-0.070995
-0.017758
0.062860
0.061225
-0.039332
-0.049906
0.059833
0.029721
-0.019605
0.028945
-0.035103
-0.044661
0.032740
0.019544
0.051888
-0.132799
-0.089838
-0.074039
-0.018165
0.039499
-0.038679
-0.060278
-0.004510
-0.079610
-0.014183
-0.087610
0.036457
-0.042633
0.248937
0.111999
-0.020887
0.036458
0.062950
-0.028393
-0.047546
-0.054116
-0.075192
-0.008042
0.000910
-0.084650
0.037442
-0.045782
0.069995
0.060254
0.005051
0.115950
-0.061052
-0.159335
0.083975
-0.139288
-0.068829
0.011151
-0.019615
0.136593
-0.018530
-0.042978
0.037011
0.068919
0.014431
-0.062648
-0.056869
-0.203946
-0.044454
-0.104256
0.023292
-0.109300
0.129445
0.015078
0.002826
-0.096245
0.022662
0.010262
0.174814
-0.031945
-0.136952
-0.058979
-0.120314
0.101388
0.125132
0.109245
-0.076211
-0.084305
0.031611
-0.028968
0.072264
-0.032884
0.106863
0.052591
0.105291
-0.126027
-0.101236
-0.108208
0.076864
0.022806
-0.002831
0.032422
0.103945
-0.069066
0.011842
0.043153
0.016749
-0.077679
-0.024016
0.114355
-0.002304
-0.057286
0.067048
0.087942
-0.044145
-0.083292
0.174401
0.126290
0.060600
0.046947
0.098893
0.282793
-0.051822
0.130678
-0.006337
0.042528
-0.016838
0.219920
-0.011529
-0.085032
0.007848
-0.079543
-0.032564
0.026029
-0.066224
-0.129294
-0.147992
0.064662
-0.079164
0.046656
-0.096091
-0.020320
0.014217
-0.070386
0.130830
0.074856
-0.078600
0.046182
-0.006145
-0.010441
0.010875
0.036178
-0.120044
-0.027244
-0.079074
-0.016075
0.102540
-0.052992
-0.179260
0.058097
0.133021
0.078520
0.163472
-0.077913
0.100859
-0.010384
-0.037511
0.107986
-0.096048
-0.095045
0.021402
-0.047648
-0.085583
-0.067219
-0.070443
-0.041123
-0.082068
0.033735
0.084956
0.187724
-0.077862
0.125810
-0.012126
-0.006872
0.048831
-0.041236
-0.161812
0.013084
0.037510
-0.082285
0.006297
-0.046182
-0.050331
-0.058900
0.001424
-0.043950
-0.067750
-0.016150
-0.035133
-0.145631
0.069598
-0.075494
-0.221541
0.198992
-0.068863
-0.165653
0.080892
0.021779
-0.047099
0.031988
-0.146238
0.068690
0.135438
0.013632
-0.096873
0.103421
-0.157247
-0.005635
-0.069724
0.024913
0.153749
0.060110
0.072268
-0.068570
0.007504
0.132644
0.020545
-0.016658
-0.011666
-0.035420
-0.069244
0.034826
0.134258
-0.070343
0.072078
-0.003429
-0.070198
0.123049
0.011710
0.031260
-0.071908
0.107602
0.023754
-0.100211
0.065415
-0.057701
0.024295
-0.011322
0.024353
0.043447
0.122862
0.031460
0.014442
-0.016176
0.023763
0.047307
-0.093599
-0.039884
-0.035107
0.094506
-0.023640
0.046993
-0.030162
0.045187
-0.047186
0.157606
-0.006609
0.051985
0.131033
-0.086167
-0.063828
-0.010835
0.093391
0.026162
0.029202
-0.061014
0.010122
-0.020658
0.005771
0.020156
-0.061760
0.087622
-0.005343
0.102499
0.029115
0.024860
-0.014988
-0.079434
0.056281
0.002173
-0.079629
-0.018977
0.047507
0.023454
-0.026059
0.039851
0.034629
0.077234
0.045615
-0.067745
0.074931
-0.066682
-0.106034
-0.146594
0.062873
0.043218
0.025301
-0.160054
-0.045168
-0.018974
-0.009694
-0.058930
-0.082655
0.012923
0.077730
0.005023
-0.028999
-0.013733
-0.037807
0.100710
-0.037187
0.014148
-0.036031
0.145090
-0.105135
-0.014132
0.000897
0.014821
-0.019886
-0.032282
-0.051659
0.024368
0.109553
0.153640
0.005150
-0.049539
0.044532
0.217189
0.029291
-0.058972
0.118521
0.020854
-0.011004
0.021439
0.013804
0.055026
-0.136257
0.045289
0.036662
0.061627
-0.037441
-0.044715
-0.053799
-0.077947
-0.094065
-0.004064
-0.019745
-0.132632
-0.100862
-0.022674
-0.120219
0.016194
-0.023989
-0.069016
-0.056684
-0.035662
-0.020668
0.131748
-0.082312
-0.088688
-0.063710
-0.095084
-0.113245
0.031805
-0.034208
0.059060
-0.162595
-0.088770
0.036775
0.008998
0.003017
0.062842
0.031113
-0.064242
-0.069298
-0.077527
0.023281
0.017662
-0.088081
-0.020062
0.106887
-0.021837
0.043529
-0.015347
-0.064086
-0.043507
0.016315
0.019017
-0.054659
0.096553
0.048979
-0.123891
-0.040846
-0.069348
0.006283
0.122419
0.019414
0.017897
-0.103653
-0.024923
-0.007580
-0.034702
0.067530
-0.009107
0.043451
0.062221
-0.083734
0.057257
-0.104339
0.140893
0.121038
0.039275
0.030747
-0.075472
-0.003419
-0.145364
-0.052106
0.025179
0.037479
-0.060445
0.062670
-0.103241
-0.177776
-0.013732
-0.008830
0.051857
-0.019536
0.133124
-0.052467
0.119801
0.025874
0.026994
0.021253
0.023925
-0.106621
-0.056211
0.051596
0.072452
-0.137233
0.120345
-0.020856
-0.106146
0.069022
0.143815
0.058227
0.066291
-0.110330
0.058569
0.022693
-0.081195
0.005495
-0.113123
0.068632
-0.003008
0.007759
-0.014244
0.013842
-0.006981
-0.131548
-0.081101
-0.016007
0.057017
-0.044235
-0.034500
-0.030802
-0.021068
-0.030575
-0.017498
0.129875
-0.060858
-0.090223
-0.031314
0.032750
-0.044074
-0.081767
0.013758
-0.017614
0.019280
-0.093394
-0.014114
0.011570
0.080633
0.121564
0.087053
0.049693
-0.027176
-0.058578
0.026504
-0.116007
-0.030060
-0.055936
-0.092041
-0.100898
-0.068160
-0.120191
0.003929
-0.076999
0.105473
0.067552
0.093427
-0.017593
0.060900
-0.025296
-0.012494
-0.123529
0.021081
0.117405
-0.050725
0.097780
0.052739
-0.015821
-0.066331
0.016867
-0.185641
0.092542
-0.095923
0.007097
-0.001771
-0.113502
0.050411
-0.062498
-0.023809
0.149073
0.011435
0.089611
-0.039237
-0.041585
0.067652
-0.035948
0.006359
-0.048365
-0.051160
-0.094122
-0.061050
0.024251
0.005032
0.078789
-0.104318
-0.069644
-0.076971
0.054496
0.006037
-0.058070
-0.005300
-0.062758
0.023279
-0.061053
-0.092869
-0.080858
-0.092555
0.078748
0.005374
-0.174006
-0.096334
-0.087807
0.073861
-0.003576
-0.008709
-0.029530
-0.049787
-0.062241
-0.091032
0.030769
0.013967
-0.008265
0.035436
-0.030975
-0.036783
-0.168735
0.033427
0.012953
-0.111160
0.006125
0.037959
-0.101306
0.045314
-0.042700
-0.001965
-0.083821
-0.032793
0.149307
0.046170
-0.007051
-0.109507
-0.101453
-0.045629
-0.015171
0.093749
-0.018062
-0.077788
-0.088541
-0.046152
0.031155
0.067407
0.102985
-0.045769
-0.042735
0.172244
-0.018859
-0.012724
-0.007461
-0.064575
-0.065561
-0.078262
0.031601
-0.108415
0.004785
0.033253
-0.058793
0.044634
0.182158
0.057521
0.065353
-0.099152
-0.187876
-0.017283
-0.088223
-0.034646
0.150103
0.140796
-0.120257
0.162154
-0.059972
0.015772
0.085537
-0.020227
0.019523
-0.000490
-0.025227
-0.127360
-0.043827
-0.050220
0.061669
-0.090426
0.030218
0.104749
-0.087631
0.135749
0.008082
-0.114428
-0.211800
-0.108887
-0.077002
-0.010175
-0.003030
-0.037180
-0.102155
0.134520
0.043421
0.038793
-0.031603
-0.207217
0.211027
0.011730
0.074313
0.049370
0.107500
-0.086618
0.062947
0.074859
0.108343
-0.170246
0.035483
-0.110690
-0.097260
0.058094
-0.149977
0.004497
0.023037
0.048842
-0.041018
-0.114565
0.000331
0.047565
0.052264
-0.049797
-0.032646
0.056249
-0.017452
-0.036281
-0.154093
-0.006432
-0.015339
-0.058824
-0.078590
-0.068874
0.009878
-0.029978
-0.042841
-0.009434
-0.059675
-0.135918
-0.084651
0.035697
0.016753
0.092990
0.018762
-0.119846
-0.009589
0.158084
0.067997
0.041075
0.060599
0.068021
-0.051666
-0.031006
0.088348
-0.098141
-0.040473
0.010053
0.082022
-0.070661
0.131219
-0.059183
0.158544
0.005675
-0.033294
-0.000583
0.084434
-0.104960
0.045601
0.125402
0.007290
0.016882
-0.133349
0.053121
0.145232
-0.054803
0.011832
-0.029326
-0.032038
-0.149967
0.148622
-0.024028
-0.051576
0.057033
0.076322
0.002711
-0.092376
0.012171
0.045025
-0.111563
-0.008432
0.049696
0.079908
-0.078219
-0.011381
-0.036483
-0.108807
-0.093231
-0.138538
0.016433
0.017607
0.021652
0.133244
-0.086977
0.081550
0.206886
-0.062673
-0.023619
0.275977
-0.002834
-0.096616
-0.034530
-0.093519
-0.069159
-0.013703
0.136334
-0.065350
0.088929
-0.185740
0.164393
0.231543
-0.080277
-0.083717
0.070393
-0.059320
0.244192
-0.072290
-0.135210
-0.068792
-0.001913
-0.046208
-0.011189
-0.047998
-0.053150
-0.006178
0.021114
-0.052501
-0.054424
-0.034179
-0.072389
-0.061321
-0.028951
-0.041299
0.084265
-0.006349
-0.030539
0.051949
0.097405
-0.084787
0.076163
-0.011359
-0.082883
0.023332
-0.080721
0.022928
-0.115186
-0.054441
-0.053089
-0.015840
0.014259
0.008774
0.032120
-0.024327
-0.066909
-0.070254
-0.129426
-0.030229
0.140268
-0.086644
-0.192682
0.069039
-0.005196
0.082514
0.035086
-0.083648
-0.165308
-0.149531
0.076375
-0.001023
-0.035090
-0.072546
-0.017223
-0.055149
0.076368
0.101114
0.075814
-0.092546
0.021418
0.038874
0.079276
0.174055
-0.016550
-0.061499
-0.053210
0.015077
-0.040072
0.082027
-0.036970
-0.072805
-0.077392
-0.091399
-0.078569
0.093907
-0.085449
-0.012883
0.106304
-0.064569
0.009270
-0.117074
-0.089268
0.047088
-0.088555
-0.046187
0.078132
0.000208
-0.059559
-0.073088
-0.001876
-0.121072
0.083745
0.051748
0.106388
-0.187013
0.027389
-0.067674
-0.042190
0.025530
-0.131344
-0.075415
-0.066396
0.063834
0.076754
-0.063580
0.042168
-0.130246
0.043335
0.142738
0.044267
-0.080425
0.269236
-0.116282
-0.034195
0.025816
0.038712
-0.027980
-0.040317
-0.193859
0.037102
0.056765
-0.040059
-0.101492
-0.064502
0.002009
-0.004331
-0.136304
-0.129390
-0.095587
0.060220
-0.021203
-0.115928
-0.071470
0.100334
-0.103308
0.118353
-0.097034
0.052428
-0.078923
-0.073852
-0.000381
0.179528
0.085841
0.097425
-0.144679
-0.128882
-0.059375
-0.029251
0.049585
-0.131860
0.068301
-0.016544
0.104393
0.064652
-0.017096
-0.073357
-0.040117
0.090553
0.034000
-0.129499
0.133023
-0.049930
0.028009
0.141675
-0.127242
0.119280
0.042373
-0.009760
-0.111157
0.003983
-0.009252
0.179510
0.070242
0.080424
0.059384
-0.122853
-0.102135
0.039948
0.060994
-0.018652
0.136963
0.060831
0.023046
0.084310
-0.114369
-0.098680
0.114945
0.031371
-0.153472
-0.021669
-0.094180
-0.119819
-0.048045
-0.043694
0.123405
-0.062050
-0.143979
-0.044220
-0.100899
-0.069700
0.003065
-0.099803
0.012207
-0.030417
0.039455
0.090814
-0.042682
-0.031605
-0.096534
-0.129724
0.057373
0.093598
0.046627
-0.138919
-0.061709
-0.039995
-0.056693
-0.196647
0.060238
0.042721
-0.060148
0.036094
0.032424
0.119213
-0.026708
0.095590
-0.030535
-0.162443
-0.053372
-0.033621
0.170667
-0.031529
-0.015254
0.082141
-0.091950
-0.034891
-0.457035
-0.047099
0.066880
-0.078868
0.051302
0.033931
-0.020324
0.054016
-0.040831
-0.008293
0.135685
0.027104
-0.042813
0.070528
-0.044498
-0.041778
-0.178980
0.108597
0.066915
-0.098476
0.004765
0.026736
0.052614
0.009311
0.006834
0.125729
-0.007701
-0.156116
0.060288
0.085420
-0.061183
0.067308
-0.097889
0.060793
0.061413
0.007834
0.040646
-0.126174
-0.030116
0.088563
0.054786
0.076748
-0.016634
0.221229
0.087802
-0.016992
-0.014991
-0.058219
-0.011418
-0.003448
0.054638
-0.218585
-0.066272
-0.079526
0.111976
0.018630
-0.034112
-0.144047
0.248005
0.126721
0.003953
-0.054820
-0.117239
-0.003386
-0.052612
0.044931
-0.145974
-0.094483
-0.023106
-0.014136
0.041277
0.122653
0.027821
0.085009
0.063099
0.029098
0.092704
-0.234658
0.021027
0.003373
-0.113800
-0.047843
0.061927
-0.042291
0.054826
0.036247
0.269963
0.047079
0.013755
-0.005682
0.214118
0.111765
-0.047393
0.030628
0.056781
0.086632
-0.175302
0.017550
0.125805
0.052269
-0.083297
0.056938
0.015334
-0.007956
0.025284
-0.081037
0.028903
-0.013142
-0.050960
0.081152
0.047025
0.035601
-0.024990
-0.028294
0.004488
0.050557
-0.003889
-0.021479
-0.058862
0.096841
0.119717
0.006257
-0.060377
-0.081861
0.093871
0.004078
0.063888
-0.046696
-0.075628
0.008173
0.056642
0.027108
-0.063145
-0.034457
-0.001844
0.109181
-0.087815
-0.002551
-0.063998
0.020076
-0.116891
0.122017
0.007514
0.123855
0.025621
-0.063148
0.220251
-0.003218
0.107088
0.076223
0.149040
-0.077818
-0.072166
-0.077737
-0.215495
-0.042759
-0.055304
-0.025375
-0.031566
-0.211250
-0.005014
-0.064936
-0.074861
0.041525
-0.080568
-0.008091
0.044307
-0.051960
-0.021281
0.101174
0.122363
0.104072
-0.016668
0.035958
0.006299
-0.066153
0.038277
-0.113682
-0.035143
-0.016415
0.125952
0.048932
0.003905
0.041399
0.057368
-0.073120
-0.005610
-0.003346
-0.081589
0.100815
0.022777
-0.033506
-0.046993
0.087552
0.015485
-0.015084
-0.027225
0.028273
-0.003834
0.089326
-0.073627
0.152911
0.050538
0.100075
-0.084291
0.078279
0.049067
0.077395
0.068454
0.019345
-0.020322
0.038313
-0.070611
0.079692
-0.001064
-0.052434
-0.147516
0.022957
-0.054082
0.061561
-0.027173
0.004396
-0.042242
-0.038338
-0.093229
-0.023720
0.020227
0.051250
0.003510
0.061994
-0.121858
-0.028717
-0.107736
-0.032263
-0.010372
0.025659
-0.009853
-0.008741
0.018380
-0.110125
-0.023584
0.050990
-0.024422
0.020926
-0.055760
-0.098851
-0.058411
-0.051808
-0.088931
0.027862
0.028709
-0.145201
0.095911
0.080778
-0.044517
0.039667
0.055398
-0.052394
0.048799
-0.065603
0.092160
-0.048255
-0.056319
-0.008733
-0.105057
0.102732
-0.028486
-0.054420
-0.036574
-0.033105
0.048527
-0.059369
-0.125729
-0.080516
0.041765
0.043294
-0.020073
0.195314
-0.110097
-0.146085
-0.004983
-0.207087
-0.069914
0.102711
0.046668
-0.071659
-0.019244
-0.054437
-0.136940
0.094029
0.004010
0.016150
-0.012834
0.015331
-0.151786
0.081675
-0.084307
0.014543
0.056755
0.018316
-0.072430
0.009453
-0.067098
-0.107852
0.120962
0.022248
0.132945
0.015286
-0.039132
0.050423
-0.142906
0.031312
-0.032006
0.058756
-0.027357
0.079995
-0.177671
0.030202
-0.084928
-0.077201
0.026940
0.055547
-0.103395
-0.052711
0.085069
-0.170052
-0.018086
0.060455
0.010226
-0.000008
-0.030018
0.091448
-0.020748
-0.071277
0.059803
-0.054504
0.130931
-0.006179
0.004115
0.252089
-0.057645
0.036964
-0.010356
-0.010378
-0.083016
0.031921
0.061433
-0.021328
0.052000
0.062878
-0.014732
0.042290
0.011959
0.058771
-0.034714
0.011153
-0.034128
-0.069832
-0.006455
0.245440
0.146439
-0.025525
0.006385
-0.064912
-0.170442
-0.089473
-0.122616
0.091349
-0.002079
-0.162570
0.010271
0.003947
-0.072755
0.055165
-0.067519
-0.183746
0.007402
0.003881
0.052681
-0.004214
-0.030959
0.079328
0.200640
-0.094140
0.052729
-0.041241
-0.086097
0.044903
0.062059
-0.138640
-0.042297
0.093252
-0.092456
-0.141401
-0.136534
0.034574
-0.005751
-0.025770
-0.073327
-0.013376
0.118203
0.232046
-0.010879
0.032071
-0.038300
0.095732
-0.080063
0.130113
0.015339
-0.033612
0.088328
0.043689
-0.181205
0.123417
0.083898
0.013763
0.110749
0.093451
-0.048732
-0.098136
-0.043663
0.113234
-0.038983
0.139019
-0.050291
0.001600
-0.121634
0.017050
-0.135155
-0.054354
-0.057142
0.167529
-0.026591
-0.067067
0.028589
-0.001671
-0.158356
-0.032875
-0.055340
-0.006622
0.027149
-0.107363
-0.097291
0.003014
0.078414
-0.087515
0.026965
-0.064129
0.125369
-0.055573
-0.034881
-0.026742
-0.082191
0.097547
0.168057
-0.127756
-0.081039
0.023745
0.017953
-0.144704
0.232675
-0.000386
0.019415
-0.052317
0.057332
-0.011918
-0.075133
0.055840
0.083815
0.017319
0.141216
0.079516
0.027614
-0.074133
-0.078931
-0.105192
0.168446
0.010819
-0.098003
-0.083481
0.011135
-0.052116
0.098481
0.069342
-0.057743
0.020370
-0.002002
-0.102099
-0.059403
0.022150
0.023168
-0.017427
-0.036132
-0.111973
-0.125849
-0.004551
-0.048387
0.017605
0.019557
-0.162494
0.001961
-0.030342
-0.082007
0.012986
0.103504
0.012090
-0.061218
0.021445
0.020739
0.003237
0.001289
0.125314
0.124019
0.021372
-0.042007
0.005836
0.084785
0.037666
0.020284
0.094053
0.028482
-0.027623
0.116775
-0.045980
-0.075508
0.072024
-0.057946
-0.024204
0.003328
0.077462
-0.221880
0.041457
0.090041
0.076062
0.031956
0.043649
0.099455
0.118622
0.103798
0.034146
0.236067
-0.015784
-0.104382
0.113395
0.006695
-0.121070
0.054358
0.112690
-0.145750
0.124351
-0.073899
-0.125471
-0.104945
-0.103102
0.054154
-0.014451
-0.008638
-0.063922
0.055810
-0.043006
-0.116846
-0.068580
-0.031593
0.187639
-0.019067
0.114098
-0.002403
-0.071180
0.062594
-0.120371
0.041781
-0.038348
0.102343
-0.115374
0.070828
0.140076
-0.066546
0.076428
-0.159707
0.043814
-0.099543
-0.079872
-0.027014
0.034706
0.124340
0.093310
-0.111245
-0.021068
0.148026
-0.099006
-0.038374
0.131025
0.077299
0.192944
-0.075981
-0.134090
-0.033192
-0.021101
0.009384
-0.126309
-0.056892
-0.055186
-0.065892
-0.030501
-0.092289
0.019894
-0.075795
-0.006438
-0.007562
-0.128057
0.070072
-0.059508
-0.067149
0.032460
0.019903
-0.077347
-0.048096
-0.055885
0.144440
0.165468
-0.166699
0.066525
-0.045024
-0.065910
-0.092394
-0.036432
-0.039481
-0.073339
-0.148422
0.133730
-0.072293
-0.047384
-0.061180
0.037035
0.001444
0.047569
0.075833
-0.026176
0.069746
-0.132909
-0.033795
0.035737
0.012705
-0.053923
-0.009598
-0.041639
0.153547
-0.019642
-0.115013
-0.100239
-0.112671
-0.025682
0.137100
0.049207
0.000463
-0.103411
-0.103428
0.068647
-0.191717
-0.110265
-0.059364
0.108125
0.050327
0.065114
-0.027584
-0.030766
0.033328
-0.080019
-0.015333
0.164876
-0.128575
0.065295
-0.065300
-0.065693
0.041609
0.053769
-0.062490
0.056575
-0.095362
0.071520
-0.031881
0.114287
0.097999
0.077931
-0.168805
0.132468
-0.017664
0.094205
0.124355
-0.026467
-0.105316
-0.091023
-0.074693
0.005960
0.015441
-0.203864
-0.080803
-0.162550
-0.097321
0.133424
-0.052412
-0.091494
0.024734
0.037774
-0.073611
-0.043998
-0.005111
-0.114195
0.024810
0.082237
-0.091602
0.056901
0.067687
0.156723
0.164944
0.083280
0.011533
0.206880
-0.063018
0.003580
0.050401
-0.105546
0.100909
-0.016528
-0.153208
0.131764
0.008858
0.216214
0.053420
0.033761
0.038257
0.020926
-0.016077
-0.124018
0.105969
0.124387
-0.073743
-0.010504
-0.039240
-0.108921
0.009300
-0.068920
0.089393
-0.064623
0.035180
-0.122290
-0.116510
0.056664
-0.040489
-0.024085
0.003379
-0.029988
0.027089
-0.042862
0.075352
0.010304
-0.056824
0.031534
0.013996
-0.110887
0.009072
0.061147
-0.049241
0.068450
0.052247
0.021103
-0.009836
0.078319
0.050699
-0.071450
0.074697
0.060484
-0.011549
-0.087741
0.028792
-0.098811
0.046383
-0.002011
0.020668
-0.082433
-0.101438
0.108706
-0.007489
-0.000408
0.005253
0.050164
0.038794
0.104224
0.040431
0.047703
0.146994
0.129308
0.078294
-0.024542
-0.104406
-0.056759
0.009312
-0.087056
0.016000
-0.023060
0.010198
-0.015838
0.030960
-0.002590
0.077018
0.080767
0.054151
-0.013200
-0.035179
0.043528
-0.105637
0.045742
0.080601
0.117875
0.019985
0.065285
0.081211
0.089848
0.038501
-0.010573
-0.064369
-0.041099
0.021696
0.151677
-0.085614
0.041112
-0.098417
-0.052561
0.079519
0.033611
0.160836
-0.048374
0.049782
-0.058031
0.192576
-0.053017
-0.044102
0.059997
-0.045113
-0.128861
0.063795
-0.076294
0.037079
-0.056491
0.044260
0.074933
-0.071174
-0.029490
-0.018704
-0.003576
-0.034874
-0.026341
0.033660
0.088667
0.094934
0.049547
-0.090688
-0.122201
0.067679
0.005805
-0.064931
0.082532
-0.138866
0.096516
0.007456
-0.090892
0.061708
0.154348
-0.083481
-0.093834
-0.027568
-0.037036
0.191184
0.102977
-0.050654
-0.128501
-0.036106
-0.052723
-0.001212
0.066221
-0.003556
-0.005628
0.147753
0.029225
0.015517
-0.058930
0.053537
0.035147
-0.070178
-0.004674
0.036008
-0.003171
0.050547
-0.079029
0.028665
-0.007378
0.008219
-0.010227
0.027876
0.083453
0.040027
-0.077884
-0.074746
-0.083607
-0.080854
0.082769
0.074757
-0.097571
-0.021681
-0.009997
0.063881
0.012043
0.091351
-0.021784
-0.057931
0.042706
0.042296
0.061732
0.100558
0.081151
-0.009661
0.000021
-0.048624
0.159631
0.047929
-0.026072
-0.065548
-0.070710
-0.024881
-0.011498
0.086836
-0.079226
-0.090800
-0.011960
0.113935
-0.009319
0.039207
-0.057597
-0.015704
0.068849
-0.003554
0.059530
0.025846
0.069487
-0.002181
-0.041604
-0.014272
-0.005615
0.002924
0.010704
0.057010
-0.021586
-0.028720
-0.011648
0.057177
0.079733
-0.000236
-0.012691
-0.125444
0.004888
0.022787
0.073898
0.099013
-0.000475
0.054639
-0.052947
-0.052988
0.038895
0.020622
0.039235
0.105766
-0.115809
0.011272
0.052056
0.106216
-0.011754
-0.063185
-0.078914
0.006971
-0.022379
-0.139779
-0.023587
-0.060752
0.022069
0.036869
-0.022207
0.062636
0.065726
0.027142
-0.027643
-0.044395
0.002587
0.006854
-0.002224
0.051210
0.005630
-0.005434
0.029666
0.047818
0.082081
-0.013523
-0.058870
0.043564
-0.072347
-0.061403
0.145101
0.045252
-0.037075
0.050804
-0.172544
-0.061083
-0.050045
0.002578
-0.076072
0.049714
-0.030676
-0.002318
0.006249
0.032959
0.026399
-0.013520
0.054828
-0.113588
0.024493
-0.074465
0.076844
-0.135409
-0.049955
-0.071998
0.031730
-0.024993
0.004888
-0.093493
-0.049208
0.060126
0.095208
0.042885
-0.007606
0.025653
-0.048885
0.045491
-0.000498
0.076227
-0.067923
-0.040239
-0.021902
-0.023326
0.041050
-0.086294
0.124245
-0.070876
0.015148
-0.014434
0.021553
-0.046234
-0.021086
-0.006526
0.001529
-0.021198
-0.036775
-0.046951
-0.055547
-0.003545
0.007107
-0.037891
-0.046194
0.002660
-0.045667
-0.001900
0.016317
-0.023553
0.140855
-0.132261
-0.024492
-0.130563
-0.048087
-0.038397
0.031651
-0.062893
-0.113536
-0.047506
-0.026149
0.013970
0.050041
-0.048076
-0.019296
0.032908
-0.002829
0.073894
-0.124575
-0.101072
-0.145718
0.030313
-0.070032
-0.017019
-0.004895
0.003617
-0.040146
0.020050
-0.005722
-0.062574
0.089787
0.046815
-0.116060
-0.033975
-0.030636
0.018371
0.149361
0.028080
-0.128472
-0.083918
-0.033885
0.009938
0.049367
0.100511
-0.076372
0.011677
-0.004693
-0.053014
0.049655
0.261620
0.055740
0.080002
-0.045292
0.044286
0.069178
0.050790
0.074329
0.029016
0.011087
-0.041784
-0.073107
-0.014413
0.001410
-0.012267
-0.062939
0.014813
-0.062389
-0.032619
0.031855
-0.182543
0.054098
0.075364
-0.059352
0.021945
-0.144892
0.001118
0.000059
-0.125844
0.033326
-0.006912
0.040277
0.059370
0.127763
-0.018403
0.136794
-0.069636
0.071247
-0.174277
0.044952
-0.102138
0.015452
-0.038016
-0.042833
-0.121769
-0.132734
0.159148
-0.046926
0.079719
-0.155976
-0.147538
-0.062886
0.118839
0.116108
-0.058824
0.063901
-0.110184
0.012603
-0.051956
-0.131415
-0.082695
0.174608
0.068690
0.206368
-0.118812
0.091272
0.066529
-0.000753
-0.051624
0.116850
0.050688
-0.108811
-0.000195
0.034394
0.027970
-0.036728
0.042335
0.058142
-0.055571
-0.110892
-0.043110
0.111891
-0.054457
-0.099405
-0.072601
0.044524
-0.016404
-0.105366
0.021203
-0.130455
0.008255
-0.014938
0.047989
-0.145224
0.065263
0.142307
0.050639
0.036421
0.215126
-0.112328
0.028563
0.115232
0.183254
0.089582
0.076449
-0.050007
0.142800
0.010268
0.006798
0.056348
-0.138125
-0.078579
0.135022
-0.005343
0.042066
0.050446
0.010156
0.006841
-0.081820
0.097027
0.087582
0.019408
-0.188264
-0.076022
0.156205
-0.094453
-0.256238
-0.093979
-0.140288
0.096691
-0.202233
-0.045711
0.070477
-0.008583
-0.058149
0.112403
-0.012191
0.086667
0.085879
0.020262
0.068788
-0.016718
0.027721
0.059928
-0.039411
-0.129602
-0.053329
-0.145101
-0.110835
-0.032515
0.054535
0.145072
0.054228
0.028837
-0.075788
0.174874
0.027230
-0.038133
-0.034354
-0.053115
0.006217
0.069183
-0.008615
0.074424
-0.000328
0.081406
-0.129053
-0.050353
0.174014
-0.169650
0.001118
0.091818
-0.029078
-0.081960
0.023414
-0.089692
0.102382
-0.012236
-0.094193
-0.050236
0.213215
-0.063519
0.125291
-0.079840
0.002723
-0.049517
-0.065713
-0.155624
-0.097830
0.003723
-0.033438
-0.151137
-0.030530
-0.090568
0.028394
-0.000504
-0.064541
-0.022824
-0.121844
-0.093612
-0.065846
-0.017141
-0.065464
-0.121716
0.069777
0.149842
0.079278
0.031160
-0.034640
-0.041378
-0.147712
0.127007
-0.006534
-0.092957
-0.000669
-0.137048
0.039191
0.110426
-0.081102
-0.004069
0.057520
0.147818
0.057689
-0.017332
-0.262593
0.015437
-0.066473
0.000393
-0.009801
0.053154
-0.019000
-0.048935
-0.105620
-0.089946
0.091148
0.039011
-0.114119
-0.039897
0.022442
-0.069655
-0.174220
0.141729
-0.028757
-0.023837
0.027346
0.032542
0.056413
0.088577
-0.046067
0.055181
0.003041
-0.009570
-0.003642
0.075558
0.238001
0.019528
-0.095581
-0.028043
0.072524
-0.072663
-0.109586
0.062073
-0.077376
0.216228
0.002032
0.002051
0.011388
0.034682
-0.034247
-0.031067
0.116012
0.006906
-0.013526
-0.028135
0.053614
0.129616
-0.008504
-0.131051
-0.048290
-0.140149
0.015940
0.045263
-0.028852
0.061116
0.010989
-0.108850
-0.022054
-0.226149
-0.059953
0.000156
0.028943
-0.020590
0.087227
0.087044
-0.024917
0.068298
-0.119437
-0.005475
-0.075761
-0.119012
-0.178245
-0.185584
0.144671
-0.025649
0.094994
-0.017473
-0.048646
0.056586
0.053617
-0.014857
0.031481
-0.082867
0.112843
-0.025366
0.100884
0.116011
-0.030340
0.111712
-0.076003
-0.048032
-0.046768
0.066606
-0.186440
0.070934
0.099237
-0.020396
0.047348
0.019109
-0.070759
-0.102183
0.000105
-0.065268
0.094117
-0.139736
-0.121882
0.088712
-0.065628
0.049493
0.043678
-0.025635
0.019501
-0.107504
0.066891
-0.023027
-0.022485
0.018866
-0.019914
0.040686
-0.058010
0.037775
-0.075387
-0.036196
0.022373
-0.039116
0.018576
0.010182
0.002521
-0.100257
0.192651
0.004182
0.080843
-0.001180
-0.094103
-0.025741
-0.203337
-0.006010
0.024986
0.154638
-0.014976
0.095701
0.037970
-0.020137
-0.142035
-0.016805
-0.012430
0.154972
0.197302
0.076820
-0.067122
0.086543
-0.091994
0.055585
-0.003824
0.098296
0.039679
-0.033074
0.062277
-0.145574
0.022352
-0.105267
-0.100602
0.117867
-0.118334
0.134215
0.097232
0.110140
-0.083146
0.000271
0.030708
-0.107886
0.070888
-0.026130
-0.156292
0.021731
-0.087077
-0.086960
-0.036160
-0.249432
0.015061
-0.010253
-0.168794
-0.037805
-0.142368
0.042999
0.021344
-0.027819
0.025319
0.223726
0.151662
0.051018
0.115764
-0.131020
0.042870
-0.063870
0.081587
-0.043699
-0.091921
0.007270
0.209535
-0.103824
-0.062640
0.066177
-0.160695
-0.014742
0.061431
0.063866
0.013795
-0.011725
0.024553
0.033460
-0.013767
0.025854
0.099221
-0.038293
-0.006185
0.016072
-0.160443
-0.133738
-0.055552
0.064477
0.012746
-0.210593
-0.020274
-0.051311
-0.064738
-0.009891
-0.222236
-0.174486
0.059339
0.004673
0.036556
0.061993
0.130362
0.180745
0.021284
0.050291
-0.086380
-0.087402
0.029378
0.011997
0.111286
-0.099519
-0.129411
0.063883
0.006318
-0.037113
0.223094
0.034461
-0.034810
0.059762
0.002172
-0.126730
-0.039623
0.058638
-0.019289
-0.265749
0.178428
-0.023841
-0.079527
0.012971
-0.026377
0.017723
0.143072
-0.183776
0.029328
-0.069724
0.129399
0.025277
-0.130468
-0.157267
0.092965
-0.016832
0.112186
-0.081126
0.004041
-0.079286
0.006288
0.066754
-0.104404
0.042134
0.121120
0.080800
0.045973
-0.065898
-0.067422
-0.198468
0.021541
0.212746
0.003117
-0.004382
-0.030436
-0.132763
0.021103
0.060544
0.042869
0.053616
-0.022280
-0.026858
0.017450
-0.125385
0.066994
0.126877
-0.034111
0.052400
0.080526
0.073786
-0.174547
-0.104952
-0.055991
-0.030528
0.155668
-0.034971
-0.016877
0.021834
-0.031356
-0.016350
0.046628
0.018499
-0.059166
-0.062917
0.088237
0.163873
-0.093248
-0.121645
0.038004
-0.000216
0.099077
-0.092110
0.093381
-0.150429
-0.013297
-0.055332
-0.069975
-0.001037
0.044822
0.031647
0.002394
-0.041161
-0.015721
0.017690
0.005657
0.104876
-0.014166
0.084197
-0.066740
0.017249
-0.021991
-0.147329
0.046412
0.091888
-0.104144
0.012156
-0.016187
0.116510
-0.000719
0.150461
0.039077
0.036459
0.098457
-0.093185
-0.017168
-0.055182
0.063574
0.100792
-0.038354
0.126848
-0.063062
0.114738
-0.071717
0.054116
-0.016104
-0.041938
0.064791
-0.131213
-0.031630
-0.153205
-0.078546
-0.055992
0.074006
-0.132886
-0.007941
-0.184897
0.014646
0.016500
0.057093
0.275936
-0.145427
-0.059936
0.159889
0.061171
-0.096331
-0.135442
-0.097507
-0.080140
0.061254
-0.019429
-0.167857
-0.095174
-0.002149
-0.087769
0.044666
0.048104
-0.124789
0.062279
-0.197356
0.040864
-0.058026
0.054120
-0.001478
-0.011349
0.057835
-0.082524
0.112178
-0.100682
-0.019148
0.017383
-0.005725
-0.006838
0.069879
-0.034952
-0.055289
0.072192
0.067322
0.034171
-0.092933
0.020175
0.024259
-0.044367
0.029298
-0.038256
-0.022845
0.043482
-0.131500
0.063379
-0.047756
-0.044665
0.078598
0.005134
-0.038234
-0.033511
-0.229917
-0.109124
-0.072520
0.057096
-0.093238
-0.069977
-0.004909
0.151898
0.029275
0.119623
-0.065033
0.065830
-0.015677
-0.069235
0.014339
-0.069210
0.089257
-0.072801
0.023492
-0.011061
-0.087002
0.079456
-0.146066
-0.033049
-0.205964
-0.121261
0.035715
0.073671
-0.078683
-0.042058
-0.045149
0.050188
-0.053268
-0.064989
-0.122267
-0.005199
0.014349
-0.061913
0.162979
0.104079
-0.107154
0.119692
-0.084019
0.081819
-0.101663
-0.021159
-0.018917
0.086197
-0.138903
0.002518
0.104845
0.015746
-0.054345
0.046410
-0.043328
-0.071181
-0.177913
-0.017955
-0.061744
0.012857
0.096564
-0.083361
0.087465
0.094915
0.103744
-0.056498
-0.056761
-0.212950
-0.183807
-0.044158
0.077628
0.111767
0.092696
0.085242
-0.136403
0.028940
-0.194158
-0.032748
0.015298
-0.148502
0.016523
0.017357
0.051894
-0.158831
-0.038993
-0.051248
-0.034520
0.060810
-0.111592
-0.003966
-0.040174
-0.000293
0.049368
-0.061530
-0.056522
0.086865
-0.074678
0.011223
-0.058914
-0.021253
-0.282339
0.142047
-0.022537
-0.020823
-0.078758
-0.192580
-0.038689
0.076005
0.065276
0.033408
0.046242
0.033568
0.042962
-0.076714
-0.032785
0.198897
-0.014360
-0.065711
0.121658
-0.079484
0.091291
0.071453
-0.000489
0.019542
-0.105332
-0.033304
0.105117
-0.033987
0.033151
0.220841
0.022663
0.007058
0.007634
-0.039011
-0.024418
0.105943
-0.037165
0.021554
0.069508
0.064488
-0.011253
0.030120
-0.011367
-0.012820
0.088771
-0.043167
-0.154641
-0.094756
-0.066228
0.064109
0.007980
-0.021707
-0.073109
-0.086985
-0.143707
0.100749
-0.082533
-0.054731
0.133192
-0.112918
-0.122712
0.006923
-0.027456
-0.095440
0.026122
0.092560
-0.056168
-0.048324
-0.012460
-0.092344
0.053708
-0.041835
0.013959
0.006661
0.180949
0.030628
0.057858
-0.141320
-0.000763
0.019569
-0.016466
0.057197
0.176101
-0.088937
0.066721
-0.083974
-0.133467
0.102130
0.063024
-0.084377
-0.023236
0.079952
-0.034567
-0.007453
-0.099011
0.068110
-0.019819
0.003033
0.131293
-0.107444
-0.191799
0.120081
0.041965
-0.036852
-0.108507
0.090184
-0.099627
-0.020943
-0.020246
-0.018174
-0.057165
-0.068294
0.054616
-0.103407
0.020522
-0.125054
-0.164171
-0.142294
-0.020650
0.133285
0.017289
0.064450
-0.110396
-0.116790
0.150544
0.120746
-0.002214
0.165266
-0.062946
-0.178973
0.023458
-0.080616
-0.003940
0.035738
0.012727
-0.039589
-0.069980
0.028143
0.025743
0.048412
0.079756
-0.060857
0.004419
0.001264
-0.015873
0.156434
-0.005934
0.098844
0.110010
0.025534
-0.096811
-0.098206
0.038681
-0.011670
-0.102156
-0.095018
-0.001032
-0.094495
-0.099438
-0.009433
0.072097
0.047766
-0.099039
-0.010882
-0.023924
-0.077220
-0.069198
0.120985
-0.130768
-0.001717
0.007272
-0.133577
0.055574
-0.075688
-0.065225
-0.050957
0.097945
-0.047972
-0.118206
-0.059505
0.011591
-0.069685
-0.069308
-0.146582
-0.048763
0.025879
-0.150429
-0.014451
-0.005337
-0.086062
0.008197
0.063026
-0.070886
-0.077864
0.187341
-0.073114
0.032211
-0.037365
-0.013882
-0.082022
0.140698
-0.019976
-0.014300
0.013021
0.057483
0.005812
-0.114577
0.003163
-0.032186
0.028907
-0.077905
0.008002
-0.016268
0.071937
0.015382
0.024614
-0.021318
-0.034115
-0.054610
-0.001785
-0.081108
0.048021
-0.053509
-0.030119
0.015244
0.084784
0.001831
0.034466
0.014553
-0.038643
-0.015569
-0.039100
-0.050889
-0.102663
0.014948
0.077172
0.033601
0.071093
0.049563
-0.041499
-0.109609
-0.050702
-0.029801
0.058939
-0.136257
0.037722
-0.069513
-0.015772
-0.031648
-0.097286
-0.009699
0.047439
0.009504
0.037197
0.074976
-0.139505
-0.165512
-0.015463
-0.007423
-0.030118
0.131797
0.089563
-0.051411
-0.015066
0.029268
0.051566
0.120253
0.106581
0.035000
-0.013462
-0.087006
0.005022
0.007712
-0.072698
-0.006307
-0.076257
-0.036557
-0.030966
0.051370
-0.000250
-0.079592
0.048409
-0.014288
-0.002885
-0.015202
0.005598
-0.001808
0.028177
-0.041076
-0.077583
0.064999
-0.039967
-0.055472
-0.125574
0.054407
0.051664
-0.006327
0.071088
-0.085204
-0.041285
-0.025691
0.000601
-0.067743
0.045133
0.022627
0.154200
0.021394
0.000709
0.002540
-0.012880
-0.082637
-0.035591
0.049437
-0.108375
0.025314
-0.053646
0.009984
0.020739
-0.133034
-0.027763
-0.053082
-0.029406
0.106290
0.025193
-0.016656
0.073164
-0.045818
-0.042397
0.022929
-0.007177
0.028138
0.126246
0.008819
-0.151535
0.240597
-0.001514
-0.030559
0.045632
-0.085750
-0.010424
0.096337
0.052948
-0.015937
0.010544
-0.062068
-0.197280
0.013469
-0.117616
-0.094756
-0.028772
0.035854
-0.077860
0.081209
0.040596
0.136329
0.018695
0.013075
0.003343
-0.005393
0.034980
0.021276
-0.001196
0.007665
-0.080578
-0.090069
0.059473
0.149674
-0.061969
0.063477
-0.297403
-0.027313
0.113668
0.040804
-0.018393
-0.028543
-0.133423
0.022498
0.125859
0.064776
0.074791
0.112843
-0.011003
0.024389
0.071473
-0.025912
-0.022223
0.009397
0.086645
-0.108566
-0.122414
-0.082016
0.065524
-0.012987
0.020006
-0.101955
0.061088
-0.095891
0.059891
-0.072863
-0.020128
0.067475
-0.121518
0.027395
-0.044259
-0.180338
0.023899
-0.025445
-0.075220
-0.116456
-0.096507
-0.020598
0.031082
0.018259
-0.028555
0.084609
0.047942
-0.121125
0.154809
0.012302
0.081184
0.050228
0.049210
0.117083
-0.002908
-0.044623
-0.041791
-0.109426
-0.083882
0.004781
0.007719
-0.029202
-0.074984
0.047107
-0.003962
0.017298
0.137324
0.109043
0.012348
-0.023825
0.034131
0.084082
-0.009764
0.023831
-0.079390
0.006595
-0.056572
-0.023632
-0.030700
-0.053334
0.025296
-0.110238
-0.051745
0.021162
-0.000808
-0.051213
-0.073691
-0.009627
0.002094
-0.106954
-0.004734
0.160142
-0.008905
-0.102220
0.222776
0.066240
0.031929
0.096868
0.062164
-0.031028
-0.001842
-0.048869
-0.002480
0.143439
0.193993
-0.013126
0.067706
-0.040217
-0.112873
-0.115302
-0.055555
0.172070
-0.059467
-0.016877
0.001782
0.035800
-0.045130
0.108779
-0.149090
0.022982
0.002984
0.000374
0.204004
-0.154217
-0.024702
-0.058034
0.155306
0.125229
0.072992
0.080775
-0.032179
-0.025384
0.104208
0.019754
-0.117746
0.162834
0.049635
0.007327
-0.043326
-0.072072
0.009744
-0.000373
0.125612
-0.050231
-0.054207
0.226371
-0.013732
0.054415
0.034027
0.085964
0.103145
0.124914
-0.004240
-0.051505
0.023954
0.057806
-0.029582
0.109465
-0.103193
0.083647
0.012420
-0.113766
0.009634
-0.109004
0.125811
0.137776
0.046837
-0.059391
-0.014867
-0.094052
0.001491
-0.151836
-0.046634
-0.018452
0.026712
0.080370
0.119080
0.018322
0.042456
0.005879
-0.161196
0.015628
-0.053193
-0.031363
-0.137831
-0.061792
-0.130277
-0.014247
-0.071348
-0.092833
-0.064936
0.016691
0.175337
0.001018
0.121135
-0.014482
-0.021528
0.151442
0.050855
0.080070
0.088901
0.129257
-0.081094
0.013046
-0.046152
0.034640
-0.097111
0.125750
0.026239
-0.025091
-0.033174
0.152071
-0.157467
0.163424
0.046620
0.025715
0.048987
-0.096842
-0.207974
0.020883
-0.114349
0.058023
0.084315
0.072964
-0.053066
-0.000753
0.047560
-0.013459
0.085632
-0.064923
-0.079351
0.099068
0.050963
0.007653
-0.135200
-0.064833
0.029042
-0.039257
0.003523
0.035087
-0.051716
0.025137
-0.080956
0.136707
-0.026036
0.095838
0.065554
-0.110477
0.027385
-0.007864
-0.030817
-0.037275
0.000067
0.168946
-0.164153
0.046163
0.054194
-0.046593
-0.036140
0.020943
0.004849
0.041430
0.055415
-0.042516
0.050869
0.015281
-0.028002
-0.075995
-0.116626
0.022853
0.053751
0.014910
0.005022
-0.063854
-0.040072
-0.057155
-0.162819
-0.022047
-0.015409
0.058060
0.062794
-0.018651
0.004368
0.014202
-0.044985
-0.037253
-0.045495
0.032514
-0.115212
0.016978
0.143033
-0.121791
0.141636
0.015958
-0.080336
-0.125281
0.003030
0.057627
0.092909
0.043923
0.156626
0.081008
-0.193380
0.027441
0.044586
0.078154
-0.051070
-0.029931
0.020961
-0.029121
0.006316
0.057275
0.016519
0.141434
0.086771
-0.155919
-0.007052
0.027607
0.056776
-0.140817
0.021036
0.050025
-0.085692
-0.043180
0.010141
-0.088384
0.041669
0.032788
-0.122508
-0.093789
-0.038854
0.017058
0.032614
0.093000
0.000056
0.058110
0.003232
-0.062505
-0.128944
0.060227
-0.026429
-0.050376
-0.025541
-0.008721
-0.069352
-0.152355
0.003711
0.145588
0.028064
-0.039170
-0.046251
0.003964
-0.119183
-0.036677
0.132931
0.042357
-0.015029
-0.011669
-0.112024
-0.136367
-0.035495
-0.143240
0.046546
-0.032294
-0.013012
-0.052725
0.009497
-0.040922
-0.090538
-0.056434
0.039522
-0.169962
0.154906
-0.101600
0.036631
-0.052479
-0.039403
0.010007
0.012458
0.019082
-0.130574
0.021480
-0.035548
-0.136914
-0.006015
0.030954
0.017836
0.066371
-0.079550
-0.106732
-0.059354
0.024745
-0.101772
-0.046081
0.065475
-0.007766
-0.122894
0.003483
0.031502
0.048530
0.169209
-0.108767
-0.020518
-0.052449
-0.081283
-0.017372
-0.019489
0.066207
0.025753
-0.061005
0.012567
0.082730
0.024718
-0.054304
0.085671
0.047805
-0.050559
0.026934
-0.018822
0.066940
0.029725
-0.130992
0.005167
0.025944
-0.011702
-0.053387
-0.018842
-0.014906
0.038550
-0.001875
0.000742
-0.154955
0.094563
-0.085163
-0.000170
-0.050965
0.034833
0.106477
-0.003956
-0.049870
-0.130230
0.011994
-0.060619
-0.020705
0.021311
-0.043659
-0.018892
-0.007442
0.011797
0.129645
-0.025503
-0.085190
-0.013773
0.016791
0.040682
-0.019051
0.002067
-0.022075
0.047507
0.032694
-0.148147
-0.084490
-0.036867
-0.048634
-0.029519
0.000180
-0.030186
0.060999
-0.093880
0.083194
-0.127760
-0.053195
-0.058810
-0.042087
-0.066511
0.103991
-0.038928
0.073593
-0.016815
0.008148
-0.028359
0.072913
0.068995
0.078713
-0.065495
0.124260
-0.041516
0.040585
0.127796
-0.114171
-0.053759
-0.075267
-0.037409
-0.087821
0.036499
-0.100339
-0.026269
-0.059846
0.001656
-0.022825
-0.072380
0.067965
-0.001522
-0.008112
0.074972
0.013053
0.002904
0.001497
-0.071826
-0.011623
0.045787
-0.051200
-0.003856
0.084747
-0.084431
0.023770
-0.055553
-0.066816
0.015668
0.075579
-0.098509
0.038105
0.010577
0.036501
0.008746
0.093646
-0.040368
-0.017412
-0.029000
0.038893
0.052000
-0.024306
0.017196
-0.029412
0.091676
0.021695
0.109711
0.030228
0.009020
-0.013341
-0.031953
-0.024820
-0.045688
-0.061941
0.008657
-0.058188
-0.046044
-0.018960
-0.097194
0.083354
-0.067610
-0.008143
0.004575
0.024077
-0.009809
-0.040884
-0.004552
0.044348
0.043282
0.007088
-0.008599
-0.081003
-0.007984
0.100891
-0.051191
-0.005998
0.030293
0.077779
-0.055453
-0.012438
0.056119
0.010960
-0.006473
0.033102
0.054298
0.084259
0.110695
0.000298
0.044197
-0.070213
0.011212
-0.061294
-0.040425
0.029510
0.016315
0.019756
-0.027466
0.033997
0.038392
-0.043096
-0.014389
-0.008035
0.095760
0.069123
-0.068530
-0.028215
0.055636
-0.069230
0.094174
-0.041749
-0.172408
-0.040574
-0.101535
-0.030778
-0.122109
0.165123
-0.023705
-0.039315
0.035827
-0.021458
-0.033744
-0.037097
-0.139692
0.024427
-0.076133
-0.068428
0.019391
0.054159
0.190404
-0.038147
-0.032718
0.090289
0.098847
0.032231
0.198262
-0.100953
0.060715
0.048111
0.061858
0.064691
0.053861
0.010869
0.037170
0.045627
-0.064347
-0.071578
-0.032862
0.009698
-0.042242
-0.014066
-0.026042
-0.026580
-0.036971
-0.102531
-0.204257
-0.270690
-0.125522
0.118655
0.115197
-0.164145
0.255140
-0.003013
0.074429
-0.184964
0.134138
0.038278
-0.069223
-0.177472
0.100330
-0.105118
-0.081256
0.009873
-0.012621
0.023785
0.034719
0.146818
-0.024977
-0.091557
0.051584
-0.037386
-0.226360
-0.094447
0.063226
-0.110919
-0.042596
0.050828
-0.039193
-0.038925
-0.005714
0.032525
-0.034529
0.049639
-0.100517
0.045910
0.061221
0.111519
-0.154774
-0.126945
-0.079325
0.081440
-0.078884
-0.172748
-0.016880
-0.084682
0.135110
0.133957
0.008881
0.116359
0.017946
0.047670
-0.044036
-0.090968
-0.043350
-0.051143
-0.057571
0.266995
0.075240
-0.054604
0.003848
-0.011957
-0.055576
0.018594
0.053204
-0.208376
0.102929
0.000837
0.007121
0.012765
-0.001836
0.228246
-0.248896
-0.125355
0.024273
-0.198837
-0.055951
0.085771
-0.094107
-0.119560
0.062709
-0.002260
-0.016091
0.062390
-0.056071
0.129941
0.133878
-0.001854
0.143716
-0.030510
0.141777
0.113120
0.152002
-0.024413
-0.089674
-0.196478
-0.097651
-0.040919
0.014612
-0.050138
0.083405
-0.184948
0.043597
-0.031222
-0.163275
0.022545
-0.085263
-0.037531
0.002926
0.060700
0.058409
-0.015439
0.104272
0.149620
0.050462
-0.033783
0.016182
-0.069593
0.054166
-0.288505
0.084719
-0.043101
-0.209643
0.016527
0.007359
0.090794
0.047937
-0.042916
-0.075110
-0.072932
-0.131826
0.247872
-0.018883
-0.040827
-0.059693
-0.074647
-0.056382
0.177807
0.110900
0.009523
-0.029971
-0.014907
-0.123835
0.006720
0.026841
-0.018998
0.120179
-0.048774
0.048531
0.082364
-0.014743
0.079871
0.012303
0.041965
0.010088
-0.072817
0.060812
-0.001615
-0.041512
0.021377
-0.026685
0.059197
-0.072351
0.028388
-0.036443
-0.053532
0.028375
-0.037068
-0.014184
-0.024392
0.103845
-0.042664
0.013469
-0.017727
-0.065496
0.020963
0.132243
0.004695
-0.081221
0.127705
-0.147708
-0.045164
-0.019421
-0.019291
0.027738
0.137282
-0.080837
0.025783
-0.094377
-0.004118
0.082994
-0.066894
0.097078
-0.009952
-0.094170
-0.028770
-0.064797
-0.062481
0.012877
-0.093958
-0.102494
-0.020889
-0.116421
-0.058696
-0.028354
0.095849
-0.088869
0.068363
-0.153835
-0.041621
0.177509
-0.109641
0.086014
-0.195778
-0.042886
-0.083118
0.038665
0.015698
0.060589
0.019694
-0.018660
-0.078627
0.016647
-0.032551
0.070024
-0.016489
0.040731
0.025104
0.076562
-0.049081
0.050784
-0.098205
0.039205
-0.034508
-0.032612
0.068000
-0.024664
0.006689
-0.092277
-0.038451
-0.068014
-0.023006
0.064748
0.009558
-0.061945
0.047844
0.041216
0.024907
0.038934
-0.088434
-0.071829
-0.001981
0.080400
0.026408
0.023128
0.040172
-0.014804
0.024763
0.018391
0.076097
-0.152369
-0.046274
0.079728
0.018619
-0.072382
0.053071
0.036339
-0.017303
0.000708
0.059290
0.036169
0.000518
0.158298
-0.067171
0.041167
-0.067293
-0.108079
-0.123393
-0.102412
-0.110842
-0.035525
-0.061836
0.082562
-0.098245
-0.073787
0.007886
0.026963
0.060667
0.139805
0.001811
-0.096498
-0.156975
-0.161214
0.038239
-0.055648
0.090237
-0.055650
-0.025695
0.074033
0.073596
0.009307
0.054222
-0.051488
0.053014
0.061829
0.016127
0.094241
-0.066390
0.009657
-0.065058
0.011800
-0.060585
0.038533
-0.055841
-0.010207
0.082467
0.110705
0.068637
0.019649
0.099904
-0.085257
0.012637
-0.085552
-0.005679
-0.012588
-0.126976
0.130708
0.045919
0.098148
0.099259
-0.095749
0.035753
-0.036291
0.021250
-0.004380
-0.013897
-0.027691
0.006299
0.173342
0.031237
-0.026534
0.107095
-0.035334
0.049652
0.042190
-0.003426
-0.047767
0.051357
-0.027643
0.055499
0.009266
-0.018362
-0.103729
0.061902
-0.097808
0.066208
-0.028803
0.110676
-0.022785
0.012989
-0.027853
-0.137280
-0.107546
0.108949
0.024251
0.106378
-0.035045
0.099433
0.035586
-0.069518
0.052002
-0.084131
0.006999
0.123201
-0.094909
0.148970
-0.142636
-0.012924
0.023495
0.045040
-0.040084
-0.013777
0.197269
0.099850
-0.014449
-0.026897
-0.118345
0.100916
0.100964
-0.000173
0.076573
0.115371
-0.044846
-0.109280
-0.083328
-0.049338
-0.059245
0.042083
-0.101824
-0.061894
-0.135448
0.042589
0.128965
-0.014827
0.071232
0.026176
-0.039638
0.127464
0.060068
0.019951
0.087642
0.014344
0.059342
0.123540
-0.037562
-0.067893
0.013834
0.064092
0.082045
0.083296
0.113083
0.021913
0.053161
-0.042108
-0.138807
0.123399
0.025919
0.003280
0.051145
0.097716
-0.071280
0.044525
0.123727
-0.034505
0.047169
0.045647
-0.039140
-0.006314
0.199778
0.103823
0.088476
0.095152
-0.018952
0.080551
0.105657
-0.060765
0.057571
0.019607
0.000610
-0.153977
-0.012638
0.118450
0.033507
-0.122126
0.084609
-0.001824
-0.131449
-0.020893
0.012662
-0.034359
-0.066403
-0.091763
-0.029761
-0.008028
0.149870
-0.018417
0.004454
-0.093929
-0.086351
-0.075668
0.016399
-0.106949
-0.039244
0.181205
0.000801
-0.085519
-0.054443
0.025970
0.000659
0.001153
0.025265
-0.002934
-0.011915
0.042481
-0.001954
-0.031317
-0.010334
0.078803
0.094891
-0.142523
0.245166
0.073163
-0.128703
-0.073109
-0.010364
0.059432
0.036609
-0.093051
0.147636
-0.045611
-0.049551
0.029367
0.116383
-0.172356
-0.025686
-0.091985
-0.025057
0.002924
-0.124622
0.067659
0.052320
-0.016613
-0.024113
-0.017086
0.163024
-0.030127
0.040958
0.049189
0.046909
0.023277
0.095492
-0.030062
-0.174857
-0.081244
0.090628
-0.150253
0.002093
-0.002352
-0.052771
-0.048675
0.148175
-0.071161
0.095937
0.011046
-0.054875
-0.002172
-0.058421
-0.030780
0.043273
-0.043271
-0.143244
-0.065143
-0.077578
-0.060504
0.020083
-0.063664
0.036773
0.001005
-0.043080
-0.165907
-0.010798
0.029546
0.035266
-0.009373
0.208191
-0.072424
-0.028855
0.067886
-0.081760
-0.002503
0.010615
0.096199
0.072883
-0.015074
-0.002353
-0.145442
-0.006428
-0.018757
-0.092115
-0.123911
-0.181069
0.054165
-0.035298
-0.002472
-0.109809
0.023446
-0.015012
0.151076
0.000981
-0.116228
0.141080
0.093147
-0.047843
0.041824
0.176002
0.073704
-0.127328
-0.030942
-0.042124
-0.087532
-0.019818
0.116569
-0.241094
0.040768
0.063131
0.006106
-0.112122
0.135594
0.068379
0.017072
0.065672
-0.008162
0.041076
0.013211
-0.011887
-0.014001
-0.033570
0.291563
-0.139370
-0.015305
-0.086220
-0.018572
-0.013645
-0.123358
-0.031461
-0.106723
0.034565
-0.098188
0.066207
-0.012767
0.097749
0.127192
-0.031196
-0.025835
0.062452
-0.127327
0.023728
0.044071
0.041819
-0.000505
0.067711
0.078861
0.101252
-0.074731
-0.036868
-0.084329
-0.049025
-0.046068
-0.010831
-0.090217
-0.081153
0.021166
0.098306
0.122847
0.058491
-0.062770
-0.131328
-0.019631
-0.093699
-0.087647
-0.148634
0.061545
0.027277
-0.047516
-0.114461
0.004006
0.094450
0.059774
-0.096390
0.132039
0.093678
-0.151132
0.055373
0.107779
0.036500
0.101422
0.012470
-0.075643
-0.106176
-0.021597
0.068873
-0.115223
0.024295
-0.004639
-0.001090
0.040269
0.058471
0.007562
-0.007056
0.041379
-0.099702
0.053509
-0.006563
-0.119812
-0.060470
0.068122
-0.061954
-0.035322
0.123481
0.062330
0.007052
0.005289
0.102755
0.037908
-0.081470
0.129789
-0.099071
-0.006111
0.064325
-0.051941
-0.034172
-0.112417
0.086127
0.057727
0.011664
-0.010666
0.035956
0.108414
0.161620
-0.072761
0.025869
0.047107
-0.068244
-0.082945
-0.013044
-0.011336
-0.031352
-0.052330
0.016932
0.019182
-0.059273
-0.015221
0.055955
0.025462
0.015647
0.004761
0.006422
0.018483
0.030690
-0.040461
-0.069051
0.008963
0.002697
-0.046492
0.044881
-0.001281
-0.012157
0.102504
0.014733
0.036308
-0.053677
0.024753
0.006359
0.074233
-0.063120
-0.010881
0.078015
0.110433
-0.155287
-0.043127
0.008128
-0.035300
0.037264
0.002050
0.019765
-0.016671
0.084730
0.062882
0.002930
0.010498
0.026862
-0.033700
0.068276
-0.113455
0.024075
-0.093689
0.011747
0.020533
0.024937
-0.000329
-0.017318
0.042018
-0.052548
0.006248
0.042435
-0.047202
0.026606
-0.013653
-0.014805
0.011104
0.016676
0.011276
0.003320
-0.023987
-0.067196
0.008296
0.150704
-0.036924
-0.023461
-0.042147
-0.059215
-0.008284
-0.010436
-0.054596
0.030733
-0.042585
-0.034040
0.066205
0.062409
-0.137375
-0.041033
0.064597
-0.035255
0.019038
-0.007456
0.106296
-0.110976
0.030621
-0.013861
0.066562
-0.080735
-0.029184
-0.007722
-0.007044
0.081959
-0.017765
0.066037
0.048218
-0.015975
-0.076117
-0.015100
-0.030962
-0.062114
-0.027334
-0.078153
-0.153803
-0.084434
0.013707
0.007819
-0.016752
-0.053689
0.056307
0.035352
-0.032798
0.063274
0.076160
-0.084006
-0.014064
0.059375
0.047089
0.020407
0.042517
0.004250
0.015052
0.054001
-0.040846
-0.036237
-0.083893
-0.007653
-0.034932
-0.008098
0.010500
0.029807
0.069338
-0.005623
0.040528
0.001377
0.073980
0.107975
0.079608
0.060446
0.046591
-0.062149
0.016050
-0.002209
0.010491
0.117933
-0.045505
0.047131
-0.024725
-0.010116
-0.006973
-0.012696
-0.047099
-0.009158
-0.003248
-0.010534
-0.047394
-0.036140
0.098248
0.045833
0.015147
-0.082512
0.010763
-0.024785
-0.008124
0.059134
0.020593
-0.130349
-0.042929
-0.142053
0.077894
-0.005207
0.031400
0.042753
0.051283
-0.059318
0.005046
-0.065104
0.033929
-0.015837
0.010967
0.020897
0.015599
0.096533
-0.017544
-0.016899
-0.014234
0.042958
0.074373
0.107952
-0.104232
-0.041353
0.006215
-0.007486
-0.047756
-0.047396
0.071497
0.028226
0.041984
-0.143090
-0.065672
-0.098417
-0.052948
-0.004443
-0.161004
0.207588
-0.116763
-0.023029
-0.082626
0.072059
0.024880
-0.081678
0.089716
-0.159026
0.107138
-0.067741
-0.052112
0.096145
0.132939
-0.088826
-0.100263
-0.074727
0.011626
-0.061906
-0.119426
0.080543
-0.005595
-0.190701
-0.084012
-0.104221
0.102534
-0.047238
-0.024336
0.041250
-0.023539
0.014573
-0.055889
0.016848
0.129722
0.051115
-0.005091
-0.014332
-0.067605
-0.020543
-0.081027
0.003881
-0.035604
0.109527
0.095815
-0.069614
-0.043901
0.076905
-0.002099
0.079928
-0.054292
-0.075844
0.169026
-0.040634
-0.117692
0.031146
-0.054649
0.108829
0.057387
0.041642
0.255981
-0.105024
-0.040310
0.161349
0.064400
-0.166324
0.041618
-0.034358
-0.079893
-0.111418
-0.038560
0.039703
0.123730
-0.051951
-0.152208
0.067637
0.092584
-0.058709
-0.181426
-0.050313
0.054284
0.053037
0.074512
-0.038168
-0.117021
-0.079912
-0.069031
0.099735
0.178671
0.012632
0.090360
0.105053
0.126488
-0.117238
-0.101978
0.022484
0.035222
0.123371
-0.054817
0.019506
-0.054063
-0.103453
-0.042203
-0.118942
0.062915
-0.030669
0.034931
-0.084846
0.072103
0.000789
0.142455
0.013574
-0.019722
-0.139334
-0.050220
-0.086786
0.214815
-0.070469
-0.070589
-0.123436
-0.040794
-0.003281
0.089534
-0.030793
0.093587
0.033847
-0.051873
0.103525
0.039608
0.190247
-0.051656
-0.105669
-0.040916
0.092130
-0.100344
-0.108262
-0.002870
-0.016690
-0.014780
0.149641
-0.061736
-0.076378
0.016142
-0.144756
-0.172299
-0.016904
-0.082687
-0.164270
-0.159062
-0.239185
-0.069705
-0.016080
-0.083682
0.042155
-0.147333
0.047709
0.250185
0.003565
-0.058902
-0.193431
0.020578
-0.098667
-0.063665
-0.144859
0.008349
0.025108
-0.169106
-0.063861
-0.027515
-0.067908
0.000118
0.051545
0.057397
0.084933
-0.148588
0.112767
-0.045759
0.018435
-0.006299
-0.012238
-0.039567
-0.000395
-0.024024
-0.134049
-0.150949
0.161590
-0.052342
-0.206017
0.109639
-0.121148
0.044782
-0.019657
-0.138359
0.016033
0.140078
0.182823
-0.082435
-0.088860
0.183153
-0.189009
-0.030354
0.068438
0.006714
0.099520
0.002497
-0.048769
0.048034
0.022484
0.041092
-0.028952
0.042484
-0.104782
-0.020774
-0.084111
0.004431
-0.134019
0.014784
-0.045312
0.036266
0.291357
0.001956
-0.198139
0.005036
-0.011555
-0.003000
-0.141897
0.024000
-0.037545
0.058802
-0.026423
0.171942
-0.087565
0.069369
-0.182270
-0.062044
-0.003047
-0.221776
-0.215765
0.057124
0.018723
0.022513
-0.123375
-0.079074
-0.065943
-0.121581
-0.037414
0.020201
-0.050975
0.016756
-0.130577
-0.001003
0.017084
0.089212
-0.048087
-0.035826
-0.083203
-0.005342
-0.088890
0.140364
-0.027747
-0.174036
-0.013824
-0.017156
0.098095
0.000989
0.033966
-0.007835
0.038884
-0.096291
-0.062971
-0.064358
-0.042906
0.127911
-0.005943
0.013164
-0.043274
0.003461
0.086017
0.081990
-0.005816
0.108974
-0.032826
-0.164526
-0.084581
-0.051013
-0.061157
-0.121983
-0.120133
0.007090
-0.003638
-0.141282
-0.042880
-0.072681
0.049635
-0.059452
-0.144941
0.090280
-0.181342
0.220065
0.125865
-0.060051
-0.015282
0.030624
-0.102703
0.010743
0.000673
-0.006695
-0.026656
-0.024253
-0.014942
-0.073892
0.051176
-0.005864
0.048298
-0.073946
0.029017
-0.036613
0.093131
0.039608
0.036831
0.100439
-0.035811
-0.018869
-0.105144
0.076932
0.094666
-0.146454
-0.130511
-0.161181
-0.069718
-0.036730
-0.061467
-0.105825
-0.108936
0.028010
-0.061831
0.059303
-0.158985
0.014836
0.066387
-0.042029
-0.059379
0.102267
0.084068
-0.175369
0.014285
0.048561
-0.072012
0.001778
0.000557
0.030998
0.083954
0.116043
-0.044933
-0.070407
-0.162938
-0.018487
-0.062733
0.063288
0.059200
-0.001824
0.062034
-0.069823
0.099359
0.166177
0.046564
-0.109027
-0.009563
0.072109
0.042494
0.035894
0.011725
0.048144
-0.121349
0.014465
0.098715
0.035981
-0.033514
-0.022219
-0.031048
-0.060850
-0.059495
-0.093077
-0.021955
-0.001735
0.089691
-0.023638
-0.007710
0.032965
0.027580
0.016428
-0.051588
-0.054782
-0.047122
-0.093066
-0.011843
0.088771
-0.015760
-0.009369
-0.036746
0.032531
-0.016659
-0.120221
-0.054439
-0.061660
-0.108029
-0.060489
-0.005618
-0.052010
-0.030906
-0.014277
-0.092290
-0.012980
0.054682
0.214844
-0.061920
0.004771
-0.096795
0.050083
0.011044
0.028914
-0.032884
-0.022345
-0.004708
-0.048008
0.017214
0.010285
0.027905
0.132533
0.029562
-0.015149
0.090920
0.026547
-0.032057
-0.097811
0.032301
0.031254
0.054395
0.062855
0.004503
0.011203
-0.062643
0.009181
0.001925
-0.049461
0.031728
0.059041
-0.083012
-0.046990
-0.101836
-0.034810
0.007904
-0.065852
-0.060986
0.012674
-0.046109
-0.010513
-0.076555
-0.023268
0.092060
0.002721
-0.035097
-0.073794
0.133949
-0.063539
0.001881
0.044337
-0.053099
0.047711
-0.013906
-0.048199
-0.001078
0.052513
0.081422
-0.024461
0.006770
0.088667
-0.074830
-0.039805
-0.022441
-0.022057
-0.022594
-0.048338
-0.035632
-0.038241
-0.077007
-0.079031
0.022989
0.094878
-0.081791
-0.104691
-0.008989
0.000364
0.027456
0.119383
-0.104574
-0.076563
0.015381
-0.052421
-0.074420
0.007234
-0.079996
0.129237
0.039286
-0.019427
0.061887
-0.131270
-0.050554
-0.060823
0.038708
0.043115
-0.129792
-0.037015
-0.093845
-0.045606
-0.026205
0.008576
0.069045
-0.089084
0.064532
-0.034348
-0.057314
0.005339
-0.042913
0.101759
-0.126862
-0.057155
0.012892
-0.113151
-0.009232
-0.041436
-0.120947
0.056103
-0.068625
-0.101286
-0.096123
-0.067993
0.004423
-0.004372
-0.040697
0.037009
-0.085870
-0.109330
0.034010
0.015491
0.037946
0.081564
-0.038823
-0.063795
0.062647
-0.054920
-0.026719
-0.095511
-0.066046
-0.086386
-0.047288
0.001960
0.156129
-0.003085
0.051536
-0.159838
0.031034
-0.084650
-0.002503
-0.095093
-0.138796
0.033516
0.030621
0.096735
-0.015776
0.048156
-0.052531
0.016475
0.041022
-0.069390
-0.114170
0.031988
-0.041767
0.094577
-0.113590
0.094516
0.087642
-0.026405
-0.162357
-0.034614
-0.025703
0.007451
-0.042513
0.096885
-0.052830
-0.269820
-0.049373
-0.067950
-0.067447
-0.013312
0.023874
-0.073755
0.028491
0.064844
-0.051900
-0.068039
0.112286
0.016679
0.086414
-0.057970
-0.037369
0.022845
-0.207521
-0.163885
0.020266
0.033725
-0.026244
-0.045571
-0.007657
-0.088514
-0.040096
-0.018189
-0.064699
-0.040814
0.008864
-0.003012
-0.134883
0.043981
0.012053
0.042163
0.037529
-0.114622
-0.051360
0.018192
0.024066
0.023604
-0.145143
0.016873
-0.017251
0.046386
-0.250117
0.026870
-0.009134
-0.033544
0.056957
-0.020116
0.393207
-0.036448
-0.122171
0.009133
-0.107047
0.117451
-0.034820
0.179496
0.088825
0.043442
-0.005983
-0.116336
-0.004319
-0.079466
-0.062689
0.029832
0.019808
0.078633
-0.186792
-0.115640
-0.081615
0.094605
0.049984
-0.204577
-0.061436
0.090701
-0.155821
-0.101141
0.006665
0.157061
0.032727
-0.025772
0.044461
-0.013254
0.075994
-0.032871
0.101374
0.034647
-0.078851
-0.178443
0.012403
-0.017570
0.058339
0.008971
0.029070
0.047354
-0.117715
-0.026304
0.041813
-0.078765
-0.053202
0.165798
0.051698
0.127698
0.009128
-0.013445
0.021213
0.045161
-0.074388
0.027171
0.083486
-0.148774
-0.001059
0.109365
-0.165107
0.057410
0.134054
-0.064658
0.050439
0.029741
-0.015053
0.131947
-0.028058
0.032855
0.025797
0.053439
0.059088
0.070254
-0.096427
0.087375
0.016708
0.023221
0.043461
-0.099375
-0.003864
0.014233
-0.003998
0.167426
0.036185
0.045994
0.004713
0.002321
-0.042941
-0.118442
-0.162893
-0.050917
-0.007984
-0.089930
-0.243062
0.085676
-0.033170
0.028979
-0.245155
-0.050735
-0.038368
-0.080081
0.110026
0.058365
0.096845
0.019327
0.029405
0.023451
-0.110742
-0.201273
-0.037608
0.005255
-0.023228
-0.002048
-0.035281
-0.033114
-0.025532
-0.005285
0.006249
0.081846
-0.029051
0.006068
-0.052565
-0.078123
0.074991
-0.108155
0.005325
0.132711
-0.062363
-0.107962
0.004128
0.097721
-0.040017
-0.147867
0.042453
-0.023364
-0.023121
0.002045
-0.001969
-0.031590
-0.031466
-0.023538
-0.097321
-0.097893
-0.011773
0.052190
0.079493
0.055092
-0.000976
0.035881
0.146098
0.112285
0.046161
0.054922
0.100446
0.025657
0.067991
-0.047049
-0.100368
-0.119874
-0.024977
0.005217
-0.016927
0.041233
0.046744
-0.037008
-0.037891
-0.000023
0.079876
0.066064
-0.063924
-0.014081
0.024783
-0.111507
0.016561
0.015246
0.067744
-0.032980
0.097263
-0.013605
0.007313
0.039104
0.021816
0.026215
-0.012399
-0.027757
0.159031
0.010230
-0.041922
-0.050580
0.011200
-0.017263
-0.038000
0.192506
-0.110422
0.022951
-0.090568
0.144523
-0.012700
-0.078239
0.044806
-0.016004
-0.110108
0.048440
0.091080
0.023938
0.115253
-0.058613
0.089885
-0.003775
-0.022288
0.002028
0.052488
0.121331
0.049504
0.036146
0.113079
0.078337
0.014644
0.100576
-0.058427
0.064771
-0.016522
-0.005030
0.066419
-0.105725
0.004000
0.000053
-0.024329
-0.054179
0.039490
-0.079260
0.027591
-0.050212
0.023615
0.132533
0.122725
-0.035610
-0.001582
-0.007343
0.038166
-0.091665
-0.078720
0.038181
-0.019748
0.153176
0.056565
-0.066069
-0.056568
0.013961
0.020233
-0.071441
0.141734
-0.009034
-0.052280
0.088873
-0.127194
0.110826
0.013151
-0.021039
-0.006881
0.048074
0.046436
0.053337
0.025759
-0.110358
0.014180
-0.028679
0.072423
0.056033
-0.058704
0.003030
-0.012775
-0.008941
0.026549
0.080112
-0.035486
-0.031656
-0.052104
0.008510
0.023055
0.047615
0.048914
-0.021709
-0.047941
-0.053891
0.024290
0.085749
0.165807
-0.010851
-0.016312
-0.003492
-0.095957
0.038862
0.032237
-0.073417
-0.002737
0.026495
0.008422
0.005711
0.054912
-0.074316
0.138540
0.003845
-0.061135
-0.021100
0.043022
0.062620
-0.020755
-0.036482
0.005664
0.006495
0.123313
0.012757
-0.083453
-0.007333
0.084098
-0.080309
-0.106853
-0.144337
0.115355
0.050949
0.136024
0.057188
-0.108478
-0.075003
-0.114899
0.048655
-0.035863
0.008834
-0.044330
0.113321
-0.054104
-0.012935
0.122044
-0.080917
0.039195
0.015188
0.014441
0.000316
0.042017
-0.048957
0.036825
0.109791
0.002601
0.007548
0.072277
0.101989
0.010164
0.011755
0.139282
0.006044
-0.057345
-0.109486
-0.068044
0.008005
0.155101
0.039731
0.109081
0.141905
0.206503
-0.048946
-0.049304
0.111040
0.339675
-0.066929
0.016658
-0.060686
-0.062323
-0.138495
-0.063202
0.030414
0.014978
0.068023
0.104020
0.078802
0.116273
0.104363
0.086010
-0.111473
-0.021520
-0.005694
0.007979
0.015859
-0.106639
-0.091910
0.027767
0.027084
-0.028754
-0.032900
0.099425
0.133905
0.095504
-0.000970
-0.005815
0.001692
-0.033738
-0.031382
0.018720
0.000021
-0.078750
-0.074206
-0.102624
-0.061204
-0.108407
-0.006476
0.028016
-0.019037
0.046557
0.025811
-0.016805
0.065553
-0.096111
-0.025821
0.094244
0.032459
-0.012748
-0.019092
-0.061546
0.067704
-0.028310
0.072452
0.028390
-0.075710
0.021873
-0.037854
0.082178
-0.181025
-0.028361
-0.019293
0.155481
-0.056142
-0.009822
0.004574
0.022134
0.012656
-0.038439
0.015749
-0.020354
0.100939
-0.160428
0.024586
0.115979
0.025924
0.112278
0.106159
0.075732
-0.087862
-0.056824
0.226623
0.057926
0.155755
0.016036
-0.115303
-0.073571
-0.128529
-0.127078
0.099761
-0.018539
-0.003639
0.114222
0.073147
-0.081422
-0.032466
-0.082695
-0.028314
0.039340
0.083749
-0.054342
-0.078428
0.076264
0.109958
0.021511
-0.005282
-0.112075
0.053830
0.053692
-0.092449
0.062352
-0.119378
-0.127183
0.079834
-0.027798
0.002320
-0.144601
0.138152
-0.099974
-0.181664
0.007285
0.236958
0.050707
-0.100735
-0.088685
-0.048763
0.163939
-0.036691
0.047918
-0.074360
0.036954
0.068698
0.000133
-0.081353
0.026163
-0.068117
-0.037886
-0.024703
0.024464
-0.104177
-0.129364
0.059026
0.143871
-0.122007
-0.058623
-0.067436
0.030011
0.023938
0.024628
0.102357
-0.051788
-0.016035
-0.051631
0.016288
-0.118631
0.000996
0.011809
-0.020814
-0.050028
0.208064
0.117119
0.020079
-0.028417
-0.074349
-0.066498
-0.066923
0.014172
-0.045477
-0.010527
-0.018081
0.040058
0.097620
-0.169723
-0.025457
0.101338
-0.043026
0.017955
-0.060537
0.061954
0.105317
-0.091947
-0.263365
0.085685
0.063570
0.054091
0.073552
0.034409
-0.063853
0.140138
-0.006426
-0.059261
0.028217
0.000184
-0.090178
-0.085216
0.065211
0.003753
-0.098282
-0.001709
-0.054324
-0.079966
-0.083809
-0.027979
-0.045581
-0.007038
-0.012422
-0.088192
-0.029935
0.023417
-0.120468
0.032562
-0.082504
-0.015363
-0.031967
-0.051804
-0.049735
-0.035954
-0.042163
-0.102588
-0.147459
-0.000340
-0.030216
0.012118
0.014590
0.013793
0.067287
0.077352
0.092382
0.072372
-0.016286
-0.020101
-0.154510
-0.010995
-0.071601
-0.033554
-0.062986
0.103845
-0.029018
-0.178167
0.114887
0.023222
0.031070
-0.013359
0.003529
-0.152311
0.022644
0.079560
0.061579
-0.066599
0.110909
0.048522
-0.081481
-0.003918
-0.046508
-0.065625
0.085185
0.010652
-0.053538
0.159254
-0.092333
0.101166
-0.030847
-0.125478
0.076671
0.027373
0.182987
0.017263
-0.093125
0.033482
0.021316
0.035676
-0.058229
-0.046727
0.081339
0.023102
0.029077
-0.069466
0.033005
-0.137481
0.055313
0.030124
0.008992
0.032965
0.065697
0.006095
0.023999
0.013676
-0.052202
0.049442
-0.033480
0.017683
-0.009067
-0.053124
0.048789
-0.088071
-0.006735
-0.070582
-0.119228
-0.064501
-0.080148
-0.037954
0.042950
-0.014655
-0.046212
0.008624
-0.001485
-0.055556
-0.180678
0.071088
0.040619
-0.026588
-0.045706
0.095782
-0.046608
0.009137
-0.003796
-0.090371
-0.159649
-0.174353
0.049107
0.055515
0.058841
-0.159853
0.000239
-0.070118
0.095110
0.013511
0.020942
-0.040280
-0.001069
0.048091
0.036917
0.028940
0.008866
0.054312
-0.001827
-0.105975
-0.314301
-0.028366
0.071981
0.039811
0.083951
0.051865
0.050551
-0.049213
0.005998
-0.020717
-0.092279
0.020404
0.048841
-0.266909
0.007471
0.068646
0.129397
0.034422
0.016729
-0.053328
-0.094585
-0.059401
-0.040124
-0.152125
-0.016950
0.103665
-0.009487
-0.180429
-0.006627
0.080281
-0.054176
0.052339
0.086886
0.125772
-0.000837
0.144284
0.265373
-0.044636
0.064951
0.065293
0.018382
0.011875
-0.214804
0.073273
0.088518
-0.027261
0.102451
-0.091689
0.155836
0.015381
0.039061
-0.040874
-0.201794
-0.011961
0.023622
-0.130263
-0.155400
-0.092403
0.099466
-0.009025
-0.028377
0.044222
0.056802
0.055792
-0.073432
0.038179
-0.026685
-0.077030
-0.050677
-0.051214
-0.063378
-0.045443
-0.065205
-0.093278
-0.009696
-0.006193
-0.003932
0.095393
-0.106275
0.042633
0.040590
0.199812
-0.015982
0.080673
-0.006357
-0.046168
0.009086
-0.031262
-0.062442
-0.045045
-0.072171
-0.013327
-0.002048
0.081833
0.046845
-0.022850
0.054144
0.079942
-0.038474
0.029123
0.017442
-0.073793
-0.071282
-0.117504
-0.122626
0.028515
0.179627
-0.056366
-0.019541
-0.168290
0.047410
0.005227
-0.022916
0.063283
-0.050223
0.041498
0.021503
-0.100718
-0.087860
0.022969
0.010288
0.020163
-0.152728
-0.043547
-0.005907
0.046332
-0.007738
0.072714
0.088303
-0.035059
0.058674
0.051269
-0.037026
-0.210857
0.048741
-0.000525
-0.091026
-0.008387
0.046216
-0.038741
-0.046961
-0.118808
0.019600
0.030276
-0.036863
0.004225
0.050883
-0.061958
-0.023540
-0.082366
-0.068635
-0.067900
0.029476
0.008342
-0.071041
-0.127669
0.003814
0.037110
0.202777
0.100248
0.011256
0.008554
-0.024892
-0.054525
-0.037413
-0.023159
0.049484
0.047124
0.006544
0.089539
-0.178547
0.106494
-0.054933
-0.076759
-0.138381
0.064766
0.000664
-0.108959
0.008625
-0.030067
-0.085144
-0.193222
-0.080748
-0.045788
-0.047442
0.115417
0.052612
-0.177984
-0.074807
-0.145668
-0.017309
0.048232
-0.003333
0.039548
0.038729
-0.094443
0.026600
-0.047256
-0.097840
-0.066634
0.044593
0.060829
-0.006033
-0.151422
-0.017364
-0.109215
0.000346
0.004386
0.070229
-0.001096
0.027813
-0.045608
0.099864
0.088860
-0.100521
-0.090696
-0.042865
-0.143300
0.086472
-0.058185
0.097976
-0.107796
0.027177
-0.002038
-0.042547
0.057175
-0.092214
-0.059499
-0.038350
0.061753
-0.236686
-0.018054
-0.144083
-0.002737
-0.083926
-0.029698
0.085287
-0.023681
-0.111500
-0.080143
-0.105945
0.037672
-0.029973
0.158909
0.199809
-0.025646
-0.011653
0.023206
-0.044432
-0.106176
0.113749
-0.024991
-0.067527
-0.219773
0.004724
0.006874
0.114112
-0.023923
-0.059987
-0.074909
-0.081980
-0.221872
0.114944
-0.140265
-0.016716
-0.040725
0.109622
0.213223
-0.117125
-0.196056
-0.071703
0.018578
0.031106
0.001911
0.088518
-0.003006
-0.035376
0.019709
-0.031448
0.001485
-0.099794
0.047615
-0.170465
0.140410
0.089868
0.038828
-0.097624
-0.067313
0.063943
0.028362
-0.124480
-0.024423
-0.115916
-0.030115
-0.009006
-0.077247
0.044014
0.081631
-0.092671
-0.011710
0.174909
0.122582
0.007909
0.111318
-0.060711
0.198781
0.153631
-0.005996
-0.087588
0.033801
0.115761
0.123684
0.075408
-0.099776
-0.071739
-0.014902
-0.204168
0.007193
0.104188
-0.051050
0.232899
0.071110
-0.119888
0.100414
0.115546
0.046070
-0.052689
0.001059
-0.009927
-0.002104
-0.017984
-0.001785
-0.115228
0.041227
-0.024235
-0.122691
-0.216493
0.042104
0.015336
-0.110404
0.014925
0.096578
-0.104046
-0.190494
-0.014029
-0.089559
-0.023478
-0.022434
-0.024270
0.002269
0.122759
0.169200
-0.215550
-0.033265
0.020906
0.045535
0.127744
-0.075433
0.105609
-0.127312
-0.215802
0.026070
-0.001020
0.013472
0.155032
0.016878
-0.108467
-0.049735
0.003686
0.206351
-0.050538
-0.000505
-0.026576
0.003200
0.033720
-0.098390
0.203416
0.116489
-0.025514
-0.043019
0.095584
0.022398
0.134752
0.040931
0.118469
-0.113100
0.033069
0.068122
0.038700
-0.083510
-0.007374
-0.035267
-0.017828
0.102377
0.146093
0.028839
-0.155445
0.052190
0.047356
0.003865
-0.110320
0.115876
0.060296
0.035018
0.078651
-0.052021
0.034068
-0.094428
-0.041780
-0.083149
0.064660
-0.090415
0.089545
0.055893
0.001168
-0.053144
-0.005616
0.177165
0.126648
-0.013381
-0.049574
0.008515
0.032580
-0.098064
-0.038140
-0.039459
-0.078371
-0.116026
0.002516
-0.138847
-0.151650
0.104356
-0.082253
-0.005329
-0.093549
0.179558
-0.015233
0.001257
0.141112
0.022261
-0.007120
0.002820
-0.081183
-0.116575
-0.003649
-0.029960
-0.083265
-0.117456
0.013072
-0.050440
0.014994
0.051912
-0.146728
-0.033590
-0.183855
-0.017395
-0.012961
0.109536
-0.108954
-0.059154
-0.171869
-0.052347
-0.114452
-0.043834
0.063077
-0.008135
-0.061361
-0.019616
-0.063050
-0.012511
-0.110876
0.213730
0.001260
-0.002593
0.043166
-0.079392
0.031349
0.034369
0.123416
-0.012758
-0.023451
-0.078960
-0.015485
0.053202
0.074945
-0.049594
0.040202
-0.071560
-0.015534
-0.092029
0.002099
-0.102828
-0.050291
0.021043
-0.042874
-0.081662
0.086959
-0.114008
0.004613
-0.045169
-0.149529
-0.063051
0.070289
0.007777
0.029242
-0.148864
0.107585
-0.057519
0.126093
0.066149
0.179658
0.098006
-0.028363
-0.052146
-0.005043
0.102754
-0.067001
0.052219
-0.139035
0.133620
-0.033299
0.017016
-0.040996
-0.069066
-0.005411
0.032195
-0.013715
-0.007808
0.016812
0.168197
0.090286
-0.094382
0.094866
0.061309
0.067498
0.052138
0.003663
0.091874
-0.046987
-0.027052
-0.128862
-0.083373
-0.013804
0.083968
-0.023133
0.054172
-0.013021
0.057773
-0.020278
-0.006434
-0.000713
-0.073984
0.113690
-0.073034
0.191134
-0.087671
0.208214
0.099168
-0.022378
0.003190
-0.086050
-0.017054
-0.197402
0.043599
-0.040534
0.023391
0.001578
0.057250
0.106466
0.024604
0.137593
0.105032
0.001117
-0.227192
0.057921
-0.042601
-0.048206
0.006278
0.020789
0.038146
0.048868
0.014869
0.201338
0.042873
0.083747
-0.201335
-0.061407
-0.049770
-0.036084
-0.101580
-0.076371
0.004663
0.040431
0.167634
-0.063193
-0.027735
-0.080182
-0.019700
-0.116822
-0.040822
-0.034660
-0.014656
-0.042732
-0.014992
0.142513
-0.028590
0.197121
0.078635
0.053793
-0.161362
0.149415
-0.093904
0.001879
-0.138360
0.029166
-0.046760
0.100824
0.067495
-0.058469
0.041644
-0.064736
-0.050355
0.010947
-0.168206
-0.003851
-0.067891
-0.007391
-0.024661
0.064718
-0.046599
0.071867
-0.004125
-0.053585
-0.039552
0.043093
0.046181
-0.060707
0.110572
-0.040238
-0.090918
-0.140229
0.107416
-0.050187
0.055466
-0.056848
-0.012895
0.097609
-0.062992
0.027650
-0.002695
0.058354
0.044052
0.025157
0.109910
0.004779
-0.021965
-0.143034
0.126134
-0.035350
-0.009700
-0.048439
0.037978
-0.033238
-0.214331
0.046805
0.066667
0.026023
-0.003621
-0.041840
-0.151736
0.027694
0.039157
-0.027871
0.076082
-0.010420
0.061812
-0.062088
-0.118175
0.110651
0.020942
-0.024186
0.199549
-0.080004
-0.078680
0.032832
-0.048915
-0.031249
-0.000047
0.013514
-0.164427
0.185558
-0.028033
-0.055961
0.010655
-0.021325
-0.088232
0.040061
0.074546
0.038169
-0.174157
0.115407
-0.148873
0.023815
0.060049
0.020390
-0.042528
0.106918
0.050119
0.136240
0.056430
-0.023504
0.037198
0.037651
-0.093545
-0.023289
-0.022501
0.055101
0.018766
-0.037914
-0.092301
0.009177
0.058016
0.105979
-0.111248
0.036437
0.025746
-0.000788
0.102761
0.077099
-0.022274
0.090990
-0.013414
0.145569
0.049098
-0.000453
-0.023819
0.163030
-0.066001
-0.061322
-0.065625
-0.006756
0.040803
0.015217
-0.006034
-0.055710
0.045049
0.036496
0.054061
-0.141258
0.130928
0.071528
-0.001704
-0.129024
-0.016789
-0.074276
0.058954
-0.057227
-0.010975
-0.018612
-0.029011
0.066768
-0.053278
0.030612
0.015877
-0.005448
-0.174163
0.074813
-0.091312
-0.000368
0.013864
0.078841
-0.027365
0.179139
-0.189394
-0.136459
0.002884
0.100556
-0.050645
0.017425
-0.073433
0.159457
0.053122
-0.144209
-0.130806
0.029619
-0.073318
0.020151
-0.020528
-0.047245
0.003777
0.124033
0.009251
-0.149769
0.057090
0.018442
0.108334
-0.078368
-0.084646
-0.155940
0.081321
0.010548
-0.120573
0.161519
0.000572
-0.008612
-0.023455
0.054086
0.098406
0.134635
-0.011310
0.037671
0.055438
-0.118790
0.154030
-0.012343
0.033274
-0.004041
0.176757
-0.095891
-0.032447
0.108490
-0.028101
-0.032375
-0.016562
-0.010874
0.020463
0.000173
0.015285
-0.089037
0.193601
-0.183168
0.077980
-0.089989
-0.065782
0.137402
-0.053998
0.062333
-0.000421
0.008611
0.111396
-0.080034
0.067412
0.074485
0.037082
0.108977
-0.013408
0.080816
-0.050287
-0.013567
0.001237
-0.064220
-0.210996
0.050733
-0.053525
-0.123859
0.021878
-0.069389
0.077443
-0.121108
0.100407
-0.034568
0.018427
-0.123566
0.061315
-0.151022
0.001408
-0.051364
-0.066368
-0.079269
-0.023262
-0.061968
0.132484
-0.061440
0.077359
0.090667
0.064656
-0.095987
-0.022408
-0.121647
-0.115615
0.023100
0.104297
-0.061248
-0.088867
0.131321
-0.132587
-0.005399
-0.049564
-0.006399
0.106604
-0.136779
0.062510
0.114237
0.028906
-0.051343
-0.155424
0.226351
-0.040209
-0.040544
-0.097333
0.045957
0.174521
-0.018462
-0.077699
0.102484
0.069519
-0.201594
0.014348
0.048895
-0.117115
0.001174
-0.013919
0.151092
-0.125870
0.031840
-0.152334
0.022695
0.061096
0.017444
-0.105290
0.033869
0.030899
0.000769
-0.046402
0.020267
-0.011611
-0.031298
-0.079501
-0.062077
-0.038033
-0.089084
0.088861
-0.001880
-0.089953
-0.066572
-0.076473
-0.105550
0.048345
-0.095373
0.008210
0.055363
-0.147504
0.044908
0.056444
0.131930
0.053233
-0.144434
0.060797
0.081083
0.010371
0.019148
-0.015644
0.028410
0.037390
0.001138
0.075683
0.006550
-0.019839
-0.034364
0.005220
-0.052849
0.033655
-0.111347
0.034045
0.038854
0.024269
-0.014219
-0.122130
0.015245
0.096450
-0.071563
-0.010431
-0.000013
-0.038843
-0.058511
0.021046
-0.024038
-0.050348
-0.003442
-0.043401
0.055201
-0.045124
0.051645
-0.055802
-0.002727
0.006666
0.058543
-0.074860
-0.003071
-0.029606
-0.058024
-0.008180
0.011441
0.137718
0.005284
0.023166
0.126066
-0.083521
0.085770
0.032512
0.023994
-0.041682
0.048904
0.012292
-0.006984
-0.089872
0.027790
-0.056438
0.112350
0.062677
0.192019
0.072671
-0.007916
0.068530
0.094978
0.120096
0.085594
0.028187
-0.025539
0.037562
-0.019434
-0.002555
0.007324
-0.071768
-0.018015
-0.065661
0.006196
0.052474
-0.019457
0.060333
-0.136041
0.008052
0.055885
0.112121
0.082225
-0.056494
-0.122874
0.037023
-0.049144
-0.022481
-0.101123
-0.051173
-0.052339
-0.025131
-0.099147
0.063940
-0.027866
-0.022134
-0.092855
-0.102231
0.130891
-0.000958
0.003877
-0.025536
0.026002
-0.022221
0.042182
0.015769
-0.061831
0.012035
-0.059331
0.004794
-0.024001
-0.024517
-0.025207
-0.035513
-0.050817
-0.003521
0.065913
0.011279
0.014692
-0.112996
0.072006
-0.019798
-0.019521
0.054115
-0.026161
-0.068861
0.026833
-0.103426
-0.080436
-0.021245
0.028763
-0.060592
0.064565
-0.004758
-0.014148
0.077467
-0.020455
0.103453
0.036728
-0.010991
-0.000450
0.000800
-0.093470
0.089037
0.070472
-0.048302
-0.062415
0.046960
-0.044769
-0.098941
-0.016821
0.033844
0.133643
0.019834
-0.041945
0.083501
-0.020809
-0.020218
0.069072
0.042219
-0.110196
-0.042028
-0.036617
-0.040459
-0.054244
-0.010967
0.032514
-0.008339
-0.019113
0.041653
0.005893
-0.055639
-0.115566
0.074302
-0.028008
0.001552
0.003307
-0.000756
-0.008188
0.139232
-0.003056
-0.032724
0.005012
-0.026737
0.076266
0.003510
0.045078
-0.066030
-0.063395
-0.038021
-0.031327
-0.094847
-0.081517
0.037774
-0.081995
-0.012191
-0.012047
-0.042628
-0.037752
-0.006309
0.047612
-0.049379
0.047042
-0.068077
-0.052020
0.094973
-0.026028
-0.040939
-0.073718
0.044152
-0.024149
0.027944
-0.138755
0.169461
0.016995
-0.011287
-0.023736
-0.059705
-0.040205
0.027261
-0.085343
-0.103642
-0.072603
0.117158
0.029940
-0.053325
0.051632
-0.046595
-0.081193
0.047597
0.004702
-0.076965
-0.074255
0.023298
-0.102967
-0.046169
-0.009918
-0.000800
0.050708
-0.062393
0.052509
0.013703
0.065801
-0.090916
-0.005108
0.029781
-0.009203
0.026623
-0.077626
-0.028305
-0.136026
0.021112
-0.077385
-0.007075
-0.046442
-0.061397
0.013315
-0.117225
0.085669
0.017016
0.038914
0.031023
0.033863
0.050862
-0.065751
-0.064541
-0.041152
-0.090277
-0.002128
0.026625
-0.129674
-0.074772
-0.000537
-0.100326
-0.002991
0.072311
-0.073165
-0.081209
0.090905
-0.015490
-0.036627
-0.038792
-0.019892
0.137931
-0.059949
-0.056402
0.231192
-0.090226
0.001066
-0.051264
-0.103858
0.015252
-0.002035
0.027224
0.025543
-0.085541
-0.071886
0.088696
0.094700
-0.104207
-0.066658
-0.033345
0.011861
-0.049831
0.235770
-0.161145
0.246446
0.138302
-0.107439
-0.042369
0.034379
-0.084352
0.006974
0.040336
-0.087943
0.090926
-0.083853
-0.044463
0.015932
-0.095972
0.022179
-0.111951
-0.032511
0.082489
-0.115569
-0.001072
0.037909
0.005285
-0.092568
0.179724
-0.088582
-0.074502
0.048087
-0.090246
0.041615
-0.051676
-0.095055
-0.045030
0.034193
-0.064511
-0.070726
-0.136589
-0.111115
-0.002941
-0.040101
-0.095739
-0.162411
0.016464
0.049572
-0.002096
0.007409
-0.065830
-0.066999
0.083024
0.011075
-0.132548
-0.019261
0.064905
-0.044807
-0.015202
-0.036397
-0.068506
-0.008104
-0.050078
-0.011637
-0.092595
-0.043374
-0.000488
-0.010197
-0.002706
0.002141
-0.202472
-0.059176
-0.092163
-0.104404
0.078560
0.083066
-0.162419
-0.113375
-0.114697
-0.116299
-0.040392
0.012385
-0.021545
0.039760
0.027739
-0.010684
-0.124332
0.083829
0.146054
-0.070319
0.083176
0.050116
0.072005
-0.037537
0.014196
-0.062118
0.081803
-0.018097
0.038363
0.000555
-0.020004
0.003775
0.152176
0.029801
0.019382
-0.011422
0.129392
-0.007155
-0.142698
-0.044883
0.026119
0.030892
0.083362
-0.144196
-0.012613
-0.026756
0.075281
0.051388
0.086167
0.144222
0.148392
-0.081453
0.032644
-0.051778
0.029031
0.146019
-0.170324
0.011051
0.185949
0.021482
-0.002099
-0.222292
0.032003
-0.095534
-0.064621
-0.083898
0.062586
0.074677
-0.028178
-0.040352
-0.072211
0.074307
0.022699
-0.059893
0.007723
-0.008441
-0.047272
-0.055324
-0.058607
0.042456
-0.092489
-0.040177
-0.140936
0.129405
0.011616
-0.103355
0.037190
0.057086
0.157485
-0.080292
-0.046852
-0.162085
-0.010271
0.038996
-0.039562
0.000945
0.112311
-0.095677
-0.008541
-0.019387
0.023412
0.071163
-0.043413
0.052392
-0.027416
-0.020911
0.038268
0.021968
-0.134848
0.009234
-0.085473
0.269690
-0.157653
-0.047421
-0.117912
0.033088
-0.175873
-0.054715
0.147094
-0.047037
0.023502
0.029504
0.132266
-0.058491
-0.147906
-0.102207
-0.097671
0.030841
-0.044894
0.135769
0.052873
-0.046258
-0.096718
-0.068953
-0.300514
0.233230
-0.055362
0.121111
0.057474
-0.066508
-0.114491
-0.017231
-0.069330
-0.070966
0.043488
-0.051287
-0.127127
-0.102382
-0.047852
-0.156523
-0.054821
0.131720
0.059922
0.051598
0.033209
0.000984
-0.048892
0.067380
-0.090858
0.132073
-0.022745
0.107425
-0.066545
-0.119055
0.003254
0.230978
-0.062639
0.008474
-0.070600
0.029097
-0.040213
0.062115
-0.006253
-0.087222
0.035337
-0.106254
-0.019085
-0.060591
-0.001789
-0.018710
-0.029063
-0.072020
-0.040337
-0.067577
0.103834
0.085807
-0.099455
-0.034500
-0.010336
0.089492
-0.100179
0.060106
-0.055011
0.150152
-0.067479
0.056472
-0.086879
0.048241
0.035042
0.009412
-0.054014
-0.029461
-0.038474
-0.049814
0.057550
-0.086126
0.022546
0.074645
0.059825
-0.010597
0.033285
0.129260
-0.063404
-0.051350
0.020279
0.063084
0.144883
-0.006878
-0.149897
0.138757
-0.205378
-0.132946
-0.003156
0.096715
0.113333
-0.271016
-0.016927
0.026687
-0.142838
0.057145
-0.004835
-0.032152
-0.200045
-0.113551
0.057446
0.002425
-0.056592
-0.004884
-0.107644
0.316486
0.039654
-0.012847
0.033865
-0.028337
-0.036217
0.004327
0.024248
-0.064116
-0.089032
-0.058334
0.050664
0.021345
0.047743
-0.091307
-0.031119
0.053747
-0.062434
-0.197193
0.076601
-0.012494
-0.035283
0.012266
0.047185
-0.028478
-0.173450
0.039501
0.004106
0.033563
-0.055623
0.011669
-0.010369
0.006151
-0.041463
-0.109804
0.000003
0.047421
0.062680
0.186722
0.026586
0.098010
0.079264
0.109775
0.077249
-0.039832
-0.188138
0.049692
0.051872
-0.175030
-0.010034
-0.059517
0.016804
-0.146932
-0.024483
0.065690
-0.011496
-0.011341
-0.101909
0.091837
0.155219
0.038013
0.152304
0.105381
-0.090566
0.074460
-0.023116
-0.124729
0.104164
-0.157855
-0.159605
0.147415
-0.122542
0.043533
-0.063024
-0.096250
-0.014034
-0.034959
0.121163
-0.026497
-0.165424
-0.066185
-0.123641
0.157207
-0.047389
0.117680
-0.012346
0.072080
-0.125958
-0.017162
-0.103070
0.065659
0.060398
-0.105632
-0.021332
0.145139
-0.265670
-0.027568
0.087467
0.005055
-0.024562
-0.006926
-0.070685
0.126848
0.090136
0.095342
0.003191
0.034299
0.068115
-0.050874
0.000324
-0.123438
0.119246
-0.064259
-0.014625
-0.184682
-0.021039
-0.008265
0.174324
-0.068903
-0.097430
-0.008921
0.005120
0.065375
-0.022993
0.015328
-0.120617
0.119580
0.075871
0.058199
0.110609
0.007665
0.048966
-0.141634
0.049750
-0.048393
-0.011327
0.044377
-0.222893
-0.060102
0.020063
0.079509
-0.176645
0.078403
