(96,)
0.000024
-0.000235
0.001492
0.000440
0.000030
0.001319
0.001424
0.001549
-0.000240
0.000454
0.000356
-0.000359
0.001439
0.001008
-0.000213
-0.000092
0.001713
0.006769
-0.000212
-0.000076
0.000426
0.007161
0.000156
0.000437
0.001923
-0.000368
0.001402
0.000350
0.003731
0.000784
0.000305
0.003566
-0.000072
0.000046
-0.000370
0.002408
0.000122
0.000269
0.001946
0.000096
-0.000226
0.000042
0.000190
-0.000112
0.002489
0.000405
0.000388
0.001914
-0.000233
0.001498
0.001786
0.000157
0.000990
-0.000006
0.000147
-0.000099
0.000018
0.000640
-0.000128
0.002438
0.005543
-0.000580
-0.000252
0.000493
0.002279
0.000095
0.000450
0.000191
0.000754
0.002221
0.000195
0.000425
0.000577
0.000102
0.005470
-0.000180
0.000331
0.003896
0.005107
0.001945
0.001033
-0.000261
0.000720
0.001232
-0.000185
-0.000129
-0.000015
0.002470
-0.000077
0.002657
-0.000413
0.001961
0.000335
0.000528
-0.000010
0.001254
