[3.07747861e-04 4.71746148e-07 1.57393558e-07 3.00208776e-04
 6.73681323e-04 1.05457482e-04 3.07692826e-04 3.08205606e-04
 5.65726776e-04 3.07645736e-04 6.85570427e-08 6.77633327e-09
 2.98310188e-04 4.47604805e-04 6.20327482e-05 3.07664217e-04
 3.08203395e-04 5.18032757e-04 3.07685637e-04 3.06873886e-07
 3.48486751e-08 2.99936335e-04 3.32930766e-04 7.71690611e-05
 3.07861919e-04 3.08152696e-04 4.00799559e-04 3.07740236e-04
 1.35410596e-06 2.78091449e-07 3.01285472e-04 3.59846017e-04
 9.77190866e-05 3.07938521e-04 3.08208982e-04 4.04430320e-04
 3.07739363e-04 1.51794177e-06 3.46023711e-07 3.01366061e-04
 3.83210456e-04 1.00470257e-04 3.07940732e-04 3.08239687e-04
 4.28881409e-04 3.07726150e-04 1.05982156e-06 2.15120423e-07
 3.01036867e-04 3.94962059e-04 9.66085427e-05 3.07904615e-04
 3.08234856e-04 4.53771645e-04 3.07719107e-04 7.73255294e-07
 1.40553396e-07 3.00724263e-04 4.11728077e-04 9.37851000e-05
 3.07876006e-04 3.08225572e-04 4.73785214e-04 3.07736424e-04
 7.38059953e-07 1.27723411e-07 3.00654006e-04 4.14856419e-04
 9.26159410e-05 3.07864975e-04 3.08209273e-04 4.78030590e-04
 3.07746406e-04 8.74201532e-07 1.51442023e-07 3.00856074e-04
 4.00746794e-04 9.47222943e-05 3.07873066e-04 3.08198272e-04
 4.62861819e-04 3.07761511e-04 1.14299564e-06 2.13249578e-07
 3.01122724e-04 3.96482152e-04 9.85575243e-05 3.07882030e-04
 3.08200018e-04 4.53940011e-04 3.07774579e-04 1.42671581e-06
 2.86130387e-07 3.01304273e-04 4.01430356e-04 1.01679383e-04
 3.07888899e-04 3.08204704e-04 4.49757557e-04 3.07786744e-04
 1.69539999e-06 3.53553418e-07 3.01469699e-04 4.00344783e-04
 1.04036611e-04 3.07902548e-04 3.08203977e-04 4.46521677e-04
 3.07800103e-04 1.94014069e-06 4.20982133e-07 3.01637221e-04
 3.97876283e-04 1.07017826e-04 3.07917682e-04 3.08201939e-04
 4.42297052e-04 3.07801121e-04 2.01833564e-06 4.58513625e-07
 3.01710417e-04 4.04173101e-04 1.09340450e-04 3.07919894e-04
 3.08207207e-04 4.40255622e-04 3.07842216e-04 2.60083425e-06
 6.51500272e-07 3.01885419e-04 4.03123006e-04 1.11141671e-04
 3.07937647e-04 3.08197225e-04 4.25653212e-04 3.07850743e-04
 4.51944561e-06 1.24523342e-06 3.02394154e-04 3.75837786e-04
 1.16473915e-04 3.07984184e-04 3.08191491e-04 3.93255294e-04
 3.07707523e-04 2.89199261e-06 7.11198084e-07 3.02176777e-04
 3.94878822e-04 1.16982155e-04 3.07933835e-04 3.08250135e-04
 4.46997583e-04 3.07526061e-04 1.20070098e-07 1.80720843e-08
 2.99478153e-04 5.99208812e-04 9.77817253e-05 3.07666720e-04
 3.08353920e-04 6.27149420e-04 3.07753595e-04 1.46142707e-08
 1.68702341e-09 2.96918704e-04 8.61864537e-04 7.16327850e-05
 3.07603041e-04 3.08221031e-04 6.40318904e-04 3.07682261e-04
 1.82130165e-07 1.95920453e-08 2.99155887e-04 4.67820006e-04
 6.43380117e-05 3.07904178e-04 3.08072922e-04 3.90028319e-04
 3.07735521e-04 3.03360146e-08 1.21091404e-08 2.98043451e-04
 2.95246253e-04 6.35397664e-05 3.07600858e-04 3.08294082e-04
 2.65887444e-04 3.07809067e-04 4.80128293e-09 1.03475595e-09
 2.95323698e-04 2.98091210e-04 3.73062539e-05 3.07876442e-04
 3.08223971e-04 4.42056713e-04 3.07900948e-04 5.83988573e-08
 1.54111532e-08 2.98037456e-04 2.37304470e-04 5.70226912e-05
 3.08139919e-04 3.08210321e-04 3.73342278e-04 3.07991548e-04
 6.07916320e-07 2.96244821e-07 3.00317595e-04 2.45888776e-04
 8.14976011e-05 3.08149465e-04 3.08294082e-04 3.49011476e-04
 3.08011979e-04 7.91614411e-07 4.71247432e-07 3.00558691e-04
 2.56062485e-04 8.51841178e-05 3.08115094e-04 3.08329501e-04
 3.54531774e-04 3.07973038e-04 4.60538729e-07 2.61763944e-07
 3.00121610e-04 2.56778847e-04 8.03914954e-05 3.08079529e-04
 3.08334391e-04 3.57609999e-04 3.07924871e-04 2.59825981e-07
 1.33796959e-07 2.99616426e-04 2.64262722e-04 7.53450004e-05
 3.08032671e-04 3.08335409e-04 3.61788465e-04 3.07913579e-04
 2.21849604e-07 1.05854724e-07 2.99373205e-04 2.74585793e-04
 7.23837438e-05 3.08027549e-04 3.08316579e-04 3.71815317e-04
 3.07916227e-04 2.58082480e-07 1.16518407e-07 2.99535721e-04
 2.68128235e-04 7.38664239e-05 3.08058661e-04 3.08290269e-04
 3.62232793e-04 3.07923561e-04 3.56168385e-07 1.62920287e-07
 2.99894280e-04 2.61454610e-04 7.77381574e-05 3.08078364e-04
 3.08277027e-04 3.50255665e-04 3.07927665e-04 4.66701664e-07
 2.20286537e-07 3.00140353e-04 2.66928197e-04 8.08001350e-05
 3.08074377e-04 3.08280723e-04 3.53095034e-04 3.07937531e-04
 5.61474110e-07 2.69434452e-07 3.00289947e-04 2.75700848e-04
 8.31986908e-05 3.08071903e-04 3.08283954e-04 3.62547813e-04
 3.07936047e-04 6.10594270e-07 2.87844813e-07 3.00410116e-04
 2.77750747e-04 8.53453239e-05 3.08071147e-04 3.08277929e-04
 3.62546969e-04 3.07922077e-04 5.58517627e-07 2.51273235e-07
 3.00380605e-04 2.80552427e-04 8.56505940e-05 3.08053684e-04
 3.08279530e-04 3.61920829e-04 3.07962910e-04 8.15227054e-07
 3.73173009e-07 3.00517277e-04 2.97639548e-04 8.61909502e-05
 3.08062910e-04 3.08252929e-04 3.77976656e-04 3.08012997e-04
 1.91833510e-06 9.37384982e-07 3.01193097e-04 2.95722362e-04
 9.37511068e-05 3.08124756e-04 3.08235292e-04 3.77137680e-04
 3.07865121e-04 4.88525757e-07 1.90420423e-07 3.00563988e-04
 2.68721487e-04 9.14598349e-05 3.08020040e-04 3.08332877e-04
 3.76620825e-04 3.07534850e-04 9.25780008e-10 1.73556197e-10
 2.95679347e-04 3.14169185e-04 5.38285967e-05 3.07598064e-04
 3.08549555e-04 4.22447920e-04 3.07489245e-04 1.46585799e-11
 1.36199179e-12 2.90592667e-04 6.79920195e-04 2.59812114e-05
 3.07206850e-04 3.08415387e-04 6.66826207e-04 3.07686802e-04
 1.12280141e-09 8.95328534e-11 2.93235003e-04 6.40957674e-04
 2.53657126e-05 3.07774724e-04 3.08158720e-04 7.24954938e-04
 3.08041781e-04 1.22806981e-07 7.19357445e-08 2.99717445e-04
 2.35574887e-04 8.09271442e-05 3.07728042e-04 3.08182091e-04
 1.80502451e-04 3.07960698e-04 5.05984481e-08 2.48700509e-08
 2.97842111e-04 3.29391594e-04 5.71236560e-05 3.08014016e-04
 3.08103627e-04 3.77922581e-04 3.08057643e-04 9.94630796e-07
 7.20473508e-07 3.00761138e-04 3.36357858e-04 9.18678634e-05
 3.08237795e-04 3.08143877e-04 3.76432523e-04 3.08149611e-04
 1.16792762e-05 1.18819698e-05 3.03288893e-04 3.19157116e-04
 1.34710936e-04 3.08260001e-04 3.08178278e-04 3.01345659e-04
 3.08151066e-04 1.51166214e-05 1.60886211e-05 3.03671928e-04
 2.96388956e-04 1.41868906e-04 3.08237359e-04 3.08170769e-04
 2.67193973e-04 3.08144168e-04 9.48424167e-06 1.02093118e-05
 3.03305656e-04 2.80224718e-04 1.33543930e-04 3.08238959e-04
 3.08173272e-04 2.58635031e-04 3.08130519e-04 5.45073271e-06
 5.86322903e-06 3.02800589e-04 2.75520142e-04 1.24236234e-04
 3.08221031e-04 3.08191928e-04 2.62277870e-04 3.08129180e-04
 4.11062501e-06 4.42693727e-06 3.02397471e-04 2.93735444e-04
 1.18188014e-04 3.08197661e-04 3.08200921e-04 2.83147994e-04
 3.08128307e-04 3.84282384e-06 4.13342514e-06 3.02285567e-04
 3.08154034e-04 1.18218057e-04 3.08200164e-04 3.08205315e-04
 2.97347025e-04 3.08126124e-04 4.29765987e-06 4.56923181e-06
 3.02445056e-04 3.11799988e-04 1.21949306e-04 3.08199727e-04
 3.08195915e-04 2.96980026e-04 3.08125513e-04 4.81665393e-06
 5.02927651e-06 3.02618893e-04 3.13034951e-04 1.25069972e-04
 3.08187824e-04 3.08197661e-04 2.93042511e-04 3.08114075e-04
 5.11022563e-06 5.23935978e-06 3.02694796e-04 3.15361074e-04
 1.26210231e-04 3.08172981e-04 3.08202667e-04 2.95489648e-04
 3.08116403e-04 5.07119239e-06 5.11608687e-06 3.02704604e-04
 3.14221194e-04 1.26674611e-04 3.08172399e-04 3.08210612e-04
 2.93328543e-04 3.08103015e-04 4.17296133e-06 3.97998792e-06
 3.02584958e-04 3.06818460e-04 1.24347775e-04 3.08160787e-04
 3.08221177e-04 2.87835632e-04 3.08112445e-04 5.65537084e-06
 5.11370627e-06 3.02674569e-04 3.30080249e-04 1.24448736e-04
 3.08135204e-04 3.08205024e-04 3.07837967e-04 3.08110233e-04
 1.34805850e-05 1.21490193e-05 3.03295092e-04 3.46636254e-04
 1.33519803e-04 3.08187242e-04 3.08173563e-04 3.31038260e-04
 3.07921349e-04 1.63542427e-06 1.17031743e-06 3.02116416e-04
 2.75642349e-04 1.19725126e-04 3.08140938e-04 3.08262912e-04
 2.90071854e-04 3.07541311e-04 3.77744863e-10 1.28480046e-10
 2.95690348e-04 2.19525173e-04 5.55093720e-05 3.07692244e-04
 3.08534683e-04 2.08897560e-04 3.07510956e-04 7.89128311e-13
 9.84538785e-14 2.88720476e-04 4.39240073e-04 1.86739962e-05
 3.07215319e-04 3.08399089e-04 3.73124290e-04 3.07632843e-04
 1.14219779e-10 1.09013961e-11 2.90939293e-04 7.07071857e-04
 1.74111501e-05 3.07726295e-04 3.08128598e-04 8.73118406e-04
 3.08096729e-04 1.38706662e-06 8.22590835e-07 3.01732158e-04
 3.24699824e-04 1.14881601e-04 3.07854265e-04 3.08149611e-04
 2.60201166e-04 3.07982584e-04 1.12319515e-06 5.31603121e-07
 3.00759682e-04 3.99981451e-04 8.96595011e-05 3.08079092e-04
 3.08095972e-04 4.45959711e-04 3.08051036e-04 1.75879413e-05
 1.13778997e-05 3.03373206e-04 3.85848631e-04 1.33380439e-04
 3.08194285e-04 3.08179442e-04 4.32626839e-04 3.08132701e-04
 1.54453111e-04 1.27987529e-04 3.05428519e-04 3.71536880e-04
 1.81207462e-04 3.08186340e-04 3.08208691e-04 3.80535057e-04
 3.08153161e-04 2.06121491e-04 1.69713094e-04 3.05720663e-04
 3.56594624e-04 1.87974074e-04 3.08187678e-04 3.08190472e-04
 3.57816229e-04 3.08154762e-04 1.66777871e-04 1.33914989e-04
 3.05557885e-04 3.43397929e-04 1.83702345e-04 3.08189134e-04
 3.08166811e-04 3.41510080e-04 3.08152114e-04 1.19422257e-04
 9.36751458e-05 3.05348716e-04 3.31774208e-04 1.79846684e-04
 3.08185903e-04 3.08167539e-04 3.28152935e-04 3.08128016e-04
 8.68706484e-05 6.51422670e-05 3.05039779e-04 3.46985995e-04
 1.74205517e-04 3.08155490e-04 3.08164745e-04 3.48086091e-04
 3.08091287e-04 5.81161221e-05 4.02015939e-05 3.04637826e-04
 3.79524747e-04 1.68139479e-04 3.08120972e-04 3.08160932e-04
 3.80884478e-04 3.08075279e-04 4.02529258e-05 2.47913867e-05
 3.04287823e-04 4.02615435e-04 1.62258817e-04 3.08101880e-04
 3.08148738e-04 4.01558063e-04 3.08074232e-04 3.06970651e-05
 1.69467166e-05 3.04059533e-04 4.05643572e-04 1.56987706e-04
 3.08078510e-04 3.08143586e-04 4.00996068e-04 3.08069837e-04
 2.64990776e-05 1.39435269e-05 3.03953129e-04 3.97816126e-04
 1.53670961e-04 3.08062183e-04 3.08145623e-04 3.92749906e-04
 3.08084826e-04 2.55113682e-05 1.39606509e-05 3.03943991e-04
 3.89485591e-04 1.53473899e-04 3.08073650e-04 3.08153161e-04
 3.79714853e-04 3.08098912e-04 2.22847302e-05 1.30808921e-05
 3.03930079e-04 3.70699156e-04 1.53187517e-04 3.08094226e-04
 3.08164308e-04 3.57682642e-04 3.08128307e-04 3.16856458e-05
 2.02732444e-05 3.04169749e-04 3.73830029e-04 1.54881680e-04
 3.08116112e-04 3.08159448e-04 3.70476308e-04 3.08116549e-04
 7.65325749e-05 5.49686665e-05 3.04851768e-04 3.79716279e-04
 1.65841629e-04 3.08148010e-04 3.08164890e-04 3.86761152e-04
 3.07897717e-04 6.61796867e-06 4.18427044e-06 3.03353823e-04
 2.76631501e-04 1.43539291e-04 3.08082177e-04 3.08298942e-04
 2.90963420e-04 3.07630631e-04 9.32039557e-10 3.18693072e-10
 2.96473911e-04 1.86644276e-04 6.12640215e-05 3.07734503e-04
 3.08527611e-04 1.71255058e-04 3.07659822e-04 9.46056818e-13
 1.28096169e-13 2.88921961e-04 3.34481592e-04 1.86107136e-05
 3.07279959e-04 3.08394345e-04 2.98132014e-04 3.07641487e-04
 1.18676263e-10 1.26598862e-11 2.90905446e-04 6.92350848e-04
 1.74864817e-05 3.07720999e-04 3.08113464e-04 9.75641364e-04
 3.08028102e-04 2.33288756e-06 1.24628718e-06 3.02054890e-04
 4.06419742e-04 1.24791492e-04 3.07816837e-04 3.08162562e-04
 3.29251488e-04 3.07981565e-04 1.82807366e-06 6.77137905e-07
 3.01225402e-04 4.36596718e-04 9.91344787e-05 3.08019458e-04
 3.08074232e-04 4.54679161e-04 3.08057934e-04 2.39541278e-05
 1.17625623e-05 3.03829816e-04 3.68891400e-04 1.41622819e-04
 3.08176212e-04 3.08120652e-04 3.94815550e-04 3.08101997e-04
 1.93035288e-04 1.38422824e-04 3.05797061e-04 3.52930743e-04
 1.89553743e-04 3.08177376e-04 3.08184128e-04 3.46255954e-04
 3.08124640e-04 3.03595210e-04 2.53180275e-04 3.06109578e-04
 3.64795764e-04 1.96877780e-04 3.08185612e-04 3.08181654e-04
 3.57019453e-04 3.08126677e-04 2.95253441e-04 2.42931405e-04
 3.06024478e-04 3.65849497e-04 1.92747946e-04 3.08191637e-04
 3.08176794e-04 3.61004379e-04 3.08119052e-04 2.54113780e-04
 2.02768890e-04 3.05985071e-04 3.54050950e-04 1.92533276e-04
 3.08193994e-04 3.08178103e-04 3.51019757e-04 3.08090268e-04
 1.77471666e-04 1.34230882e-04 3.05744412e-04 3.51716793e-04
 1.88252525e-04 3.08167102e-04 3.08194140e-04 3.50334332e-04
 3.08039424e-04 8.46026596e-05 5.71565943e-05 3.05133144e-04
 3.61897866e-04 1.75577778e-04 3.08120245e-04 3.08213843e-04
 3.59869009e-04 3.08002695e-04 3.73884395e-05 2.17192337e-05
 3.04372283e-04 3.74583935e-04 1.58711264e-04 3.08079994e-04
 3.08221934e-04 3.73325543e-04 3.07974376e-04 2.03708441e-05
 1.00091147e-05 3.03801848e-04 3.75533069e-04 1.45508777e-04
 3.08064540e-04 3.08202812e-04 3.78622819e-04 3.07960116e-04
 1.56443602e-05 6.91290825e-06 3.03560606e-04 3.69343761e-04
 1.39428157e-04 3.08062648e-04 3.08184884e-04 3.77631135e-04
 3.07962473e-04 1.60394120e-05 6.81185065e-06 3.03567562e-04
 3.67814006e-04 1.39733253e-04 3.08064104e-04 3.08170042e-04
 3.78282450e-04 3.07973183e-04 1.65676829e-05 7.10805216e-06
 3.03624867e-04 3.69290006e-04 1.42798788e-04 3.08073068e-04
 3.08158284e-04 3.76211276e-04 3.08048388e-04 2.81606008e-05
 1.33934464e-05 3.03992274e-04 3.77645163e-04 1.49660773e-04
 3.08104063e-04 3.08122864e-04 3.77617980e-04 3.08088056e-04
 7.45073412e-05 4.09312925e-05 3.04856541e-04 3.67760134e-04
 1.65906094e-04 3.08173563e-04 3.08106421e-04 3.66594788e-04
 3.07913579e-04 7.11748044e-06 3.86646843e-06 3.03483452e-04
 2.74960912e-04 1.45556522e-04 3.08089511e-04 3.08242481e-04
 2.77101615e-04 3.07629613e-04 1.39400014e-09 4.81780171e-10
 2.96795566e-04 2.07728925e-04 6.75671108e-05 3.07687995e-04
 3.08477611e-04 1.64354831e-04 3.07730690e-04 1.83558355e-12
 2.73877898e-13 2.89765769e-04 3.58279736e-04 2.21230166e-05
 3.07362294e-04 3.08318791e-04 2.71201541e-04 3.07616981e-04
 1.99862196e-10 2.43687102e-11 2.91777746e-04 6.85482926e-04
 2.00706563e-05 3.07735230e-04 3.08067334e-04 8.60006898e-04
 3.07973038e-04 1.49977666e-06 7.77483478e-07 3.01673892e-04
 3.89378838e-04 1.15676121e-04 3.07787472e-04 3.08205752e-04
 3.26884183e-04 3.07929848e-04 1.03143134e-06 3.54174688e-07
 3.00613843e-04 4.34153219e-04 9.00573068e-05 3.07983166e-04
 3.08116694e-04 4.78142087e-04 3.08037241e-04 1.69234936e-05
 7.45540046e-06 3.03367706e-04 3.71280446e-04 1.31600158e-04
 3.08179151e-04 3.08111688e-04 4.20200231e-04 3.08098184e-04
 1.81836280e-04 1.18007083e-04 3.05692112e-04 3.40264640e-04
 1.83197335e-04 3.08212795e-04 3.08169023e-04 3.53378331e-04
 3.08140356e-04 3.83647624e-04 3.14583973e-04 3.06241825e-04
 3.47968744e-04 1.95859204e-04 3.08209128e-04 3.08179879e-04
 3.57140001e-04 3.08148417e-04 3.98793694e-04 3.38442915e-04
 3.06168105e-04 3.53148062e-04 1.91808809e-04 3.08206771e-04
 3.08178860e-04 3.71467991e-04 3.08144314e-04 3.54723859e-04
 3.08104645e-04 3.06105911e-04 3.43924767e-04 1.90595325e-04
 3.08225572e-04 3.08179442e-04 3.65130778e-04 3.08140356e-04
 2.49436300e-04 2.17635854e-04 3.05885012e-04 3.25169764e-04
 1.84986406e-04 3.08225310e-04 3.08191637e-04 3.48123751e-04
 3.08123155e-04 1.14817907e-04 9.69888715e-05 3.05275054e-04
 3.04976798e-04 1.70147337e-04 3.08205461e-04 3.08225572e-04
 3.32816649e-04 3.08100396e-04 4.74930603e-05 3.75283671e-05
 3.04444286e-04 3.00779182e-04 1.51683213e-04 3.08176212e-04
 3.08243063e-04 3.36138677e-04 3.08088929e-04 2.41258331e-05
 1.78384125e-05 3.03747074e-04 3.04554909e-04 1.37444018e-04
 3.08168266e-04 3.08251445e-04 3.48972011e-04 3.08079820e-04
 1.74021534e-05 1.22302781e-05 3.03429784e-04 3.05487658e-04
 1.31788431e-04 3.08164745e-04 3.08248214e-04 3.56166420e-04
 3.08067625e-04 1.65946276e-05 1.12695525e-05 3.03410110e-04
 3.12393444e-04 1.32060552e-04 3.08148155e-04 3.08244984e-04
 3.65584739e-04 3.08033865e-04 1.46903230e-05 9.45571264e-06
 3.03374516e-04 3.30369978e-04 1.34725327e-04 3.08117713e-04
 3.08251329e-04 3.75252886e-04 3.08070128e-04 2.35332827e-05
 1.48675208e-05 3.03626177e-04 3.73672694e-04 1.40528937e-04
 3.08109797e-04 3.08213523e-04 3.99339595e-04 3.08081886e-04
 5.99356281e-05 3.77881661e-05 3.04490153e-04 3.80912796e-04
 1.57879083e-04 3.08175164e-04 3.08172399e-04 3.95631389e-04
 3.07843264e-04 4.23856272e-06 2.06529671e-06 3.02917149e-04
 3.05518828e-04 1.38260672e-04 3.08055431e-04 3.08256742e-04
 3.30657931e-04 3.07597045e-04 6.11115936e-10 1.58103086e-10
 2.95949460e-04 2.79529660e-04 6.47769411e-05 3.07578390e-04
 3.08496004e-04 2.20576039e-04 3.07746406e-04 8.03700097e-13
 8.83585807e-14 2.88914656e-04 4.82421863e-04 2.10077869e-05
 3.07278620e-04 3.08334944e-04 3.24801716e-04 3.07522831e-04
 1.12839356e-10 9.84021632e-12 2.91409553e-04 7.01716577e-04
 1.85916615e-05 3.07681243e-04 3.08050745e-04 8.55520484e-04
 3.08002869e-04 1.34575851e-06 7.35395020e-07 3.01680935e-04
 3.35721881e-04 1.11969573e-04 3.07818758e-04 3.08195158e-04
 2.87508214e-04 3.07918701e-04 8.28049963e-07 3.13259051e-07
 3.00387474e-04 4.00967780e-04 8.50571159e-05 3.07973038e-04
 3.08134040e-04 4.71971813e-04 3.08074697e-04 1.47505125e-05
 7.45846546e-06 3.03036766e-04 3.85532097e-04 1.25846665e-04
 3.08187969e-04 3.08136834e-04 4.36742441e-04 3.08124494e-04
 1.74600864e-04 1.20083037e-04 3.05507332e-04 3.48592497e-04
 1.77029709e-04 3.08224262e-04 3.08157818e-04 3.67299595e-04
 3.08156945e-04 4.92201769e-04 4.21519682e-04 3.06406582e-04
 3.53237003e-04 1.99329545e-04 3.08222341e-04 3.08157993e-04
 3.55975732e-04 3.08161514e-04 5.87617455e-04 5.34448598e-04
 3.06476431e-04 3.60372826e-04 1.98790687e-04 3.08222196e-04
 3.08155490e-04 3.66533961e-04 3.08163726e-04 5.99982799e-04
 5.79960877e-04 3.06487113e-04 3.59184662e-04 1.97896166e-04
 3.08222050e-04 3.08162707e-04 3.60476144e-04 3.08167248e-04
 5.15466672e-04 5.22721268e-04 3.06405855e-04 3.44329281e-04
 1.95954781e-04 3.08221031e-04 3.08163580e-04 3.37972655e-04
 3.08179733e-04 3.27388989e-04 3.40734026e-04 3.06116417e-04
 3.22454551e-04 1.89481012e-04 3.08227056e-04 3.08159331e-04
 3.09557392e-04 3.08177085e-04 1.87164216e-04 1.94335764e-04
 3.05674155e-04 3.12728051e-04 1.79871378e-04 3.08221934e-04
 3.08158284e-04 2.98710016e-04 3.08170769e-04 1.21737357e-04
 1.25341583e-04 3.05254827e-04 3.18166567e-04 1.70573738e-04
 3.08216899e-04 3.08166374e-04 3.06650851e-04 3.08159186e-04
 9.64015126e-05 9.76883312e-05 3.05025518e-04 3.20373714e-04
 1.65382342e-04 3.08230141e-04 3.08170769e-04 3.16802703e-04
 3.08155635e-04 8.46208568e-05 8.41375586e-05 3.04926187e-04
 3.17881611e-04 1.62894503e-04 3.08241899e-04 3.08175309e-04
 3.23941291e-04 3.08125222e-04 5.31179758e-05 4.85710116e-05
 3.04629706e-04 3.12886928e-04 1.58802402e-04 3.08210729e-04
 3.08207353e-04 3.28950206e-04 3.08130227e-04 5.48484350e-05
 4.60827614e-05 3.04419897e-04 3.56176897e-04 1.53452609e-04
 3.08164163e-04 3.08201794e-04 3.82908009e-04 3.08112591e-04
 8.54745449e-05 6.58614154e-05 3.04712390e-04 3.87161388e-04
 1.61811156e-04 3.08164308e-04 3.08203103e-04 4.16737603e-04
 3.07752693e-04 1.47444780e-06 6.14555745e-07 3.02011846e-04
 3.22903827e-04 1.25985418e-04 3.07935145e-04 3.08319373e-04
 3.63268045e-04 3.07444512e-04 4.25493807e-11 6.55354720e-12
 2.93565448e-04 3.41500796e-04 4.81257921e-05 3.07362876e-04
 3.08570423e-04 2.87525065e-04 3.07499082e-04 2.41490753e-14
 1.11726928e-15 2.85585469e-04 6.66793785e-04 1.33872645e-05
 3.06985574e-04 3.08290124e-04 4.59344155e-04 3.07483977e-04
 8.67042202e-12 3.66329065e-13 2.88863288e-04 7.82342977e-04
 1.20268596e-05 3.07579146e-04 3.07979790e-04 9.19292623e-04
 3.08078801e-04 2.43087015e-06 1.57909039e-06 3.02248984e-04
 3.19139916e-04 1.21157151e-04 3.07932380e-04 3.08173709e-04
 2.54660961e-04 3.07901675e-04 1.71321699e-06 7.89530475e-07
 3.01118707e-04 3.63741769e-04 9.02350876e-05 3.08000657e-04
 3.08119488e-04 4.42468358e-04 3.08100251e-04 2.97446841e-05
 1.97811332e-05 3.03596491e-04 3.92512127e-04 1.37727882e-04
 3.08219722e-04 3.08173563e-04 4.28359024e-04 3.08145944e-04
 2.30077305e-04 1.85086916e-04 3.05718771e-04 3.70031950e-04
 1.83729338e-04 3.08266433e-04 3.08154908e-04 3.88572749e-04
 3.08150338e-04 6.16697827e-04 5.59748616e-04 3.06585192e-04
 3.74829076e-04 2.01885952e-04 3.08234245e-04 3.08168266e-04
 3.85301275e-04 3.08139337e-04 8.51178600e-04 8.63331952e-04
 3.06636648e-04 3.97908734e-04 1.96980138e-04 3.08220449e-04
 3.08175629e-04 4.23029065e-04 3.08137562e-04 9.09116410e-04
 1.02373527e-03 3.06549075e-04 4.08403430e-04 1.92654872e-04
 3.08214134e-04 3.08171060e-04 4.28617466e-04 3.08157993e-04
 8.29236233e-04 9.37986944e-04 3.06520291e-04 3.89326276e-04
 1.90717154e-04 3.08228540e-04 3.08132119e-04 4.01149649e-04
 3.08168732e-04 7.44505611e-04 8.23728973e-04 3.06540605e-04
 3.75839940e-04 1.92926615e-04 3.08245566e-04 3.08119052e-04
 3.88528802e-04 3.08140792e-04 6.78560813e-04 7.47368205e-04
 3.06517526e-04 3.74914176e-04 1.97051239e-04 3.08214570e-04
 3.08135961e-04 3.83449747e-04 3.08183720e-04 6.20260718e-04
 6.73305592e-04 3.06452916e-04 3.73676390e-04 2.00377224e-04
 3.08224407e-04 3.08152550e-04 3.72988376e-04 3.08179151e-04
 5.31488389e-04 5.37909335e-04 3.06377682e-04 3.66241176e-04
 1.98522030e-04 3.08209419e-04 3.08155053e-04 3.58747318e-04
 3.08172399e-04 4.68347193e-04 4.57732473e-04 3.06329894e-04
 3.56494827e-04 1.97915215e-04 3.08217655e-04 3.08152259e-04
 3.47672671e-04 3.08151066e-04 2.64495437e-04 2.50384503e-04
 3.06043599e-04 3.31531308e-04 1.93801985e-04 3.08218529e-04
 3.08176357e-04 3.23325075e-04 3.08145798e-04 1.89580416e-04
 1.68321494e-04 3.05684080e-04 3.49500915e-04 1.83926037e-04
 3.08189279e-04 3.08170042e-04 3.42441985e-04 3.08129907e-04
 1.77706403e-04 1.50952575e-04 3.05569964e-04 3.68626585e-04
 1.81607858e-04 3.08193121e-04 3.08189134e-04 3.66282533e-04
 3.07698268e-04 5.23054041e-07 2.24188511e-07 3.01526481e-04
 2.57715030e-04 1.15540519e-04 3.07965849e-04 3.08403920e-04
 2.94668920e-04 3.07232462e-04 1.91828172e-12 2.40804176e-13
 2.91167060e-04 2.68183212e-04 3.22634478e-05 3.07253271e-04
 3.08690069e-04 2.47954915e-04 3.07227485e-04 2.86894691e-16
 7.75874735e-18 2.81561981e-04 6.23952365e-04 6.83634653e-06
 3.06717091e-04 3.08393792e-04 5.22222952e-04 3.07442475e-04
 4.07980371e-13 1.02815485e-14 2.85466347e-04 8.35693791e-04
 6.80637004e-06 3.07497918e-04 3.07997718e-04 1.13683392e-03
 3.08268674e-04 2.38934263e-06 1.75598689e-06 3.02091474e-04
 3.80246638e-04 1.25346414e-04 3.08049435e-04 3.08089802e-04
 2.36412554e-04 3.07739916e-04 2.19604522e-06 9.10910558e-07
 3.01371969e-04 3.48533998e-04 8.71061275e-05 3.07928247e-04
 3.08088493e-04 4.45463666e-04 3.08051473e-04 7.55016663e-05
 5.66726267e-05 3.04350659e-04 3.93063121e-04 1.57842573e-04
 3.08167102e-04 3.08212213e-04 4.26453451e-04 3.08125513e-04
 3.41494946e-04 3.25735891e-04 3.05866910e-04 4.45347076e-04
 1.91554180e-04 3.08225892e-04 3.08176939e-04 4.80121496e-04
 3.07898910e-04 3.41347273e-04 3.45304958e-04 3.05282767e-04
 6.97200303e-04 1.79923431e-04 3.08077171e-04 3.08077491e-04
 7.83375115e-04 3.07681388e-04 1.82278927e-05 1.91665549e-05
 3.02316883e-04 1.71826500e-03 1.84810793e-04 3.07616399e-04
 3.08159739e-04 1.04373449e-03 3.07841779e-04 2.01132877e-07
 1.46932365e-07 2.99057312e-04 2.67603784e-03 1.56959853e-04
 3.07317910e-04 3.08084098e-04 7.50359846e-04 3.07882758e-04
 2.28510064e-08 9.01039421e-09 2.98307044e-04 1.92521815e-03
 1.00473131e-04 3.07206996e-04 3.07933544e-04 4.70620522e-04
 3.07779846e-04 2.22655899e-07 7.47698152e-08 3.00455227e-04
 9.35699267e-04 9.26468128e-05 3.07356589e-04 3.08219402e-04
 3.73012212e-04 3.07582959e-04 1.53380406e-05 8.52940138e-06
 3.03476787e-04 5.85316157e-04 1.21704034e-04 3.07508162e-04
 3.08201183e-04 3.97842872e-04 3.07884213e-04 3.65656248e-04
 3.65967251e-04 3.05609894e-04 4.39587486e-04 1.75283480e-04
 3.08049290e-04 3.08214861e-04 4.35448805e-04 3.08058516e-04
 8.83469882e-04 9.52046481e-04 3.06490634e-04 4.00104880e-04
 2.03190517e-04 3.08213523e-04 3.08170333e-04 4.39681200e-04
 3.08158138e-04 9.29373433e-04 9.54002200e-04 3.06721311e-04
 3.88089276e-04 2.11494349e-04 3.08253657e-04 3.08173709e-04
 4.05528874e-04 3.08150513e-04 5.47934149e-04 4.98455018e-04
 3.06518545e-04 3.53685173e-04 2.04853583e-04 3.08205170e-04
 3.08174582e-04 3.57388228e-04 3.08156072e-04 4.06042032e-04
 3.45996697e-04 3.06213216e-04 3.53770505e-04 1.94539360e-04
 3.08194285e-04 3.08167684e-04 3.69750109e-04 3.08160204e-04
 3.37443489e-04 2.85254617e-04 3.06047237e-04 3.56199336e-04
 1.90227511e-04 3.08195013e-04 3.08176794e-04 3.72407230e-04
 3.07751819e-04 3.89769070e-07 1.97185059e-07 3.01454333e-04
 1.88623599e-04 1.11307461e-04 3.08031798e-04 3.08434945e-04
 2.10170547e-04 3.07247421e-04 4.67365675e-13 7.27486444e-14
 2.90250755e-04 1.53720655e-04 2.52974896e-05 3.07342358e-04
 3.08702292e-04 1.48796418e-04 3.07244773e-04 2.88191049e-17
 1.00118746e-18 2.79611384e-04 3.94481875e-04 4.47241882e-06
 3.06683156e-04 3.08455230e-04 4.12355846e-04 3.07456998e-04
 9.56343159e-14 2.92613059e-15 2.83586589e-04 8.74010264e-04
 5.09398342e-06 3.07499082e-04 3.08046321e-04 1.49886240e-03
 3.08273797e-04 2.11847492e-07 9.11784497e-08 2.99144333e-04
 7.01453304e-04 9.59481840e-05 3.07802897e-04 3.07998882e-04
 3.44524073e-04 3.07623734e-04 2.28865673e-07 3.38778570e-08
 2.99058447e-04 4.04999213e-04 5.78206345e-05 3.07812850e-04
 3.07950133e-04 5.77632862e-04 3.07901093e-04 4.67112004e-05
 1.94175409e-05 3.04019370e-04 3.47002584e-04 1.45220285e-04
 3.07930313e-04 3.08310264e-04 3.39208724e-04 3.08003160e-04
 2.22393704e-04 1.53120258e-04 3.05689755e-04 4.22789686e-04
 1.99094997e-04 3.08058661e-04 3.08227958e-04 4.13778907e-04
 3.07286100e-04 2.52936889e-06 2.96117435e-07 3.01589607e-04
 6.77331409e-04 1.37560593e-04 3.07479000e-04 3.08345247e-04
 6.84471393e-04 3.06308881e-04 4.56607530e-11 2.04180829e-13
 2.90992844e-04 2.43831286e-03 3.89016750e-05 3.06389644e-04
 3.08389950e-04 3.08798440e-03 3.05527414e-04 4.30303656e-17
 2.84935105e-21 2.76567385e-04 1.24988910e-02 4.76038849e-06
 3.05373018e-04 3.07988608e-04 2.11579800e-02 3.05786263e-04
 1.48489373e-20 4.92521639e-26 2.67299620e-04 2.11027451e-02
 8.68305563e-07 3.05153517e-04 3.07370065e-04 4.37186696e-02
 3.06434813e-04 2.34180389e-19 5.74780523e-25 2.69099255e-04
 6.07754383e-03 7.09821222e-07 3.05414695e-04 3.07075301e-04
 1.28623229e-02 3.07138718e-04 2.28090912e-14 1.34417522e-18
 2.80415727e-04 1.03382824e-03 2.94302822e-06 3.06111731e-04
 3.07662762e-04 1.78979454e-03 3.07430018e-04 4.66487604e-09
 1.93035067e-11 2.93430960e-04 3.80772632e-04 2.14185620e-05
 3.06933332e-04 3.08024173e-04 4.35659837e-04 3.07737442e-04
 1.42938989e-05 1.70571445e-06 3.02325090e-04 3.15981975e-04
 9.13092881e-05 3.07660986e-04 3.08168266e-04 3.29355767e-04
 3.07993614e-04 3.83411505e-04 2.20617163e-04 3.05959111e-04
 3.49717971e-04 1.80307688e-04 3.08007991e-04 3.08189745e-04
 3.37315927e-04 3.08146817e-04 6.72779919e-04 6.39261852e-04
 3.06668953e-04 3.67277360e-04 2.09054502e-04 3.08202667e-04
 3.08175309e-04 3.63954809e-04 3.08156537e-04 5.49471471e-04
 4.98538022e-04 3.06470029e-04 3.64716805e-04 2.02139461e-04
 3.08202812e-04 3.08164017e-04 3.63644998e-04 3.08162707e-04
 4.98325739e-04 4.45428217e-04 3.06413160e-04 3.63602332e-04
 1.99781047e-04 3.08225164e-04 3.08156363e-04 3.60095932e-04
 3.07847222e-04 1.00915577e-06 6.77224421e-07 3.02298984e-04
 1.69560051e-04 1.22171987e-04 3.08111572e-04 3.08393792e-04
 1.63568868e-04 3.07392067e-04 3.32319090e-12 8.63715837e-13
 2.92051409e-04 1.02683283e-04 2.94522379e-05 3.07565933e-04
 3.08586023e-04 9.51232360e-05 3.07397335e-04 3.48486666e-16
 2.50387621e-17 2.81851302e-04 2.43711795e-04 5.59756609e-06
 3.06935224e-04 3.08394054e-04 2.92178447e-04 3.07595416e-04
 6.48266813e-13 4.18596195e-14 2.85190268e-04 8.20129702e-04
 6.85934720e-06 3.07626207e-04 3.08091723e-04 1.53179711e-03
 3.07876733e-04 1.11868437e-09 1.99543743e-10 2.93680816e-04
 1.14800292e-03 4.70147679e-05 3.07296083e-04 3.07964685e-04
 5.84645313e-04 3.07591457e-04 1.70630732e-09 7.43917428e-11
 2.93767225e-04 5.03411400e-04 2.44225030e-05 3.07699578e-04
 3.07839160e-04 8.07504461e-04 3.07702954e-04 4.58523482e-06
 6.02938201e-07 3.02127068e-04 2.53244274e-04 9.91559500e-05
 3.07989219e-04 3.08190618e-04 3.05279420e-04 3.08084971e-04
 1.54165784e-04 1.22588172e-04 3.05699534e-04 3.19802726e-04
 1.87997051e-04 3.08121991e-04 3.08234245e-04 3.41652427e-04
 3.07726878e-04 9.33743394e-08 3.70995501e-08 3.00000975e-04
 2.09818172e-04 7.93096624e-05 3.07774579e-04 3.08555143e-04
 3.55815835e-04 3.06472793e-04 2.31972763e-15 1.37404388e-16
 2.85308604e-04 1.62692755e-04 8.72283181e-06 3.06626258e-04
 3.09175317e-04 3.50158662e-04 3.05026973e-04 3.19132249e-25
 4.82236391e-28 2.64748058e-04 2.76993815e-04 2.89122454e-07
 3.05305613e-04 3.09445983e-04 8.60736531e-04 3.04583664e-04
 6.24678528e-31 2.57095681e-35 2.50816112e-04 7.27658684e-04
 1.95612770e-08 3.05096328e-04 3.09009512e-04 2.81234295e-03
 3.05090682e-04 3.31943114e-29 1.88284119e-34 2.51837046e-04
 6.05628069e-04 1.70663998e-08 3.06094822e-04 3.08072049e-04
 4.14717477e-03 3.06130445e-04 2.35107469e-21 7.24362467e-26
 2.67111551e-04 3.13368451e-04 2.14601997e-07 3.07341048e-04
 3.07416980e-04 2.29513459e-03 3.07103735e-04 4.00639157e-13
 5.04712046e-16 2.85715942e-04 1.99980059e-04 5.96651580e-06
 3.08108312e-04 3.07559938e-04 8.24286544e-04 3.07794224e-04
 2.49143852e-07 1.46645869e-08 2.99193955e-04 2.39240486e-04
 5.51563426e-05 3.08313785e-04 3.07768409e-04 4.71618201e-04
 3.07884213e-04 1.04492508e-04 4.42457167e-05 3.05114401e-04
 3.10515519e-04 1.53013112e-04 3.08213697e-04 3.08048388e-04
 4.00056626e-04 3.08119634e-04 7.99649803e-04 8.42913927e-04
 3.06669273e-04 3.88809422e-04 2.11060746e-04 3.08226765e-04
 3.08168121e-04 4.03046870e-04 3.08166811e-04 6.58808276e-04
 6.40697021e-04 3.06551141e-04 3.84126703e-04 2.05237535e-04
 3.08206334e-04 3.08163580e-04 3.90136731e-04 3.08166491e-04
 6.14731340e-04 5.64277056e-04 3.06548376e-04 3.76635202e-04
 2.02383191e-04 3.08215764e-04 3.08156217e-04 3.87526175e-04
 3.07955430e-04 5.93653112e-06 5.31480737e-06 3.03506327e-04
 1.93988104e-04 1.41289478e-04 3.08186340e-04 3.08317452e-04
 1.82913587e-04 3.07647948e-04 2.14731885e-10 1.09919331e-10
 2.95333564e-04 1.13227878e-04 4.81260904e-05 3.07816837e-04
 3.08466144e-04 9.29186863e-05 3.07770446e-04 8.53638246e-14
 1.81989772e-14 2.87054922e-04 2.07945457e-04 1.29505588e-05
 3.07337672e-04 3.08372895e-04 1.89432205e-04 3.07614624e-04
 3.46967420e-11 5.93647874e-12 2.89554329e-04 7.29096646e-04
 1.43990292e-05 3.07772367e-04 3.08097602e-04 1.15880789e-03
 3.07708251e-04 4.33794493e-13 5.29532744e-14 2.87092291e-04
 1.34045258e-03 2.07834037e-05 3.06764618e-04 3.08075105e-04
 4.61779884e-04 3.07424751e-04 8.10490401e-13 1.87757067e-14
 2.86581315e-04 8.06613592e-04 8.89315288e-06 3.07549810e-04
 3.07768700e-04 1.08161871e-03 3.07432376e-04 7.19670297e-08
 5.26898525e-09 2.98602768e-04 2.81177461e-04 5.75458507e-05
 3.07927228e-04 3.08082905e-04 3.92894901e-04 3.07948212e-04
 1.31208915e-04 1.17336065e-04 3.05493624e-04 2.96707411e-04
 1.82297794e-04 3.08210321e-04 3.08204588e-04 2.82883906e-04
 3.07948358e-04 3.51320665e-07 4.77690776e-07 3.01451597e-04
 8.31982543e-05 9.52269329e-05 3.08701128e-04 3.08346585e-04
 8.79619402e-05 3.07657756e-04 6.91805079e-14 7.44227068e-14
 2.89230986e-04 1.05126564e-05 1.19185479e-05 3.08844232e-04
 3.08611343e-04 1.47567807e-05 3.07440874e-04 8.55363457e-23
 4.82889244e-23 2.70588993e-04 2.86997147e-06 4.60927168e-07
 3.08135961e-04 3.09219409e-04 1.02079393e-05 3.07342823e-04
 3.89145388e-28 8.50347483e-29 2.56587460e-04 7.58872557e-06
 3.76924767e-08 3.07309092e-04 3.09597846e-04 1.06709340e-04
 3.07079143e-04 3.07955774e-27 4.90943569e-28 2.54627928e-04
 9.91983688e-05 3.39015784e-08 3.07031412e-04 3.09576426e-04
 3.47394939e-03 3.07213428e-04 7.64576106e-22 1.33229847e-22
 2.64141650e-04 1.43431686e-03 3.82304648e-07 3.06874921e-04
 3.08950432e-04 1.75027587e-02 3.07867187e-04 8.22141508e-16
 1.89688767e-16 2.78633786e-04 2.87672644e-03 5.45330704e-06
 3.07478389e-04 3.08453775e-04 6.32717973e-03 3.07926646e-04
 1.36296766e-10 2.52353173e-11 2.92033277e-04 1.38641475e-03
 2.97580773e-05 3.07775132e-04 3.08168877e-04 1.23119750e-03
 3.07757698e-04 7.51682308e-07 2.08033114e-07 3.00956803e-04
 5.71492419e-04 8.99183215e-05 3.07682407e-04 3.08248942e-04
 4.78159869e-04 3.07718350e-04 8.11689169e-05 5.05546814e-05
 3.04732268e-04 5.15955791e-04 1.75348687e-04 3.07670096e-04
 3.08181334e-04 4.12456720e-04 3.08177958e-04 1.85259792e-04
 1.71232517e-04 3.05523339e-04 5.21593087e-04 2.12308965e-04
 3.08069692e-04 3.08160059e-04 4.17758623e-04 3.08128598e-04
 1.40235134e-04 1.06131047e-04 3.05606693e-04 4.73518012e-04
 1.97038462e-04 3.08062503e-04 3.08155053e-04 3.82377038e-04
 3.07861919e-04 6.70379995e-06 4.68462395e-06 3.03605630e-04
 3.10680509e-04 1.58112249e-04 3.07966431e-04 3.08282615e-04
 2.32146776e-04 3.07783223e-04 2.01804373e-09 8.31329283e-10
 2.97119957e-04 2.34848223e-04 7.41629483e-05 3.07680079e-04
 3.08396702e-04 1.50528344e-04 3.08043411e-04 3.55345094e-12
 8.09177486e-13 2.90517986e-04 3.65890504e-04 2.61850364e-05
 3.07417708e-04 3.08324350e-04 2.36814099e-04 3.07540438e-04
 4.28510727e-10 7.79728782e-11 2.92803976e-04 7.34729168e-04
 2.41456055e-05 3.07788956e-04 3.08109040e-04 8.64659378e-04
 3.07367009e-04 6.60988315e-17 1.19016939e-18 2.79419211e-04
 1.62270118e-03 6.39078598e-06 3.05766589e-04 3.08150775e-04
 9.05768655e-04 3.07052193e-04 1.61067153e-17 2.83488981e-20
 2.75651953e-04 2.46768212e-03 2.06313143e-06 3.06977396e-04
 3.07589711e-04 4.12335992e-03 3.07475013e-04 1.12392309e-11
 1.02627650e-13 2.89672520e-04 6.86089217e-04 1.70654257e-05
 3.07652343e-04 3.08040442e-04 1.05252024e-03 3.07823444e-04
 1.86622981e-06 2.73091075e-07 3.01447843e-04 4.00132354e-04
 1.03517807e-04 3.07667011e-04 3.08245304e-04 2.66659132e-04
 3.08028277e-04 9.15801138e-06 7.25181326e-06 3.03484325e-04
 2.09835489e-04 1.43048979e-04 3.07963492e-04 3.08187678e-04
 8.69397190e-05 3.08289658e-04 8.37797600e-08 1.71085190e-07
 3.00128886e-04 6.69107394e-05 9.37773657e-05 3.08076735e-04
 3.08098766e-04 1.80124571e-05 3.08719958e-04 2.73927808e-11
 1.13612710e-10 2.93524994e-04 2.86731629e-05 3.46733941e-05
 3.08232644e-04 3.07830196e-04 8.43562066e-06 3.08596034e-04
 7.31094669e-14 4.25930206e-13 2.87952862e-04 4.96154134e-05
 1.40909324e-05 3.08281160e-04 3.07699142e-04 2.66595289e-05
 3.07554350e-04 1.00994639e-15 2.41626546e-15 2.83107773e-04
 4.09679225e-04 8.56916540e-06 3.07732873e-04 3.08068527e-04
 4.32560832e-04 3.06849630e-04 3.82951991e-18 9.04590656e-19
 2.77194515e-04 6.40181266e-03 6.03180024e-06 3.06848902e-04
 3.08364513e-04 6.96309097e-03 3.06615024e-04 2.99667438e-20
 2.42157175e-22 2.71805999e-04 3.45593244e-02 3.30150579e-06
 3.06219648e-04 3.08257033e-04 1.87928844e-02 3.06799862e-04
 1.57461365e-19 7.97916271e-23 2.73176149e-04 1.59884058e-02
 2.75270895e-06 3.06320551e-04 3.07641632e-04 7.35550188e-03
 3.06917646e-04 2.31443325e-15 1.35021880e-18 2.82634457e-04
 2.32319324e-03 6.97169344e-06 3.06449394e-04 3.07880109e-04
 1.29425956e-03 3.06965085e-04 1.07569634e-10 5.14277802e-13
 2.92858575e-04 7.52751599e-04 2.93493504e-05 3.06651578e-04
 3.08245886e-04 5.28255070e-04 3.07393231e-04 5.15600078e-08
 2.40293541e-09 2.98026105e-04 7.87934812e-04 7.38524031e-05
 3.07106529e-04 3.08238959e-04 5.28448320e-04 3.07752256e-04
 3.01434454e-07 2.98491294e-08 2.99649400e-04 7.92054692e-04
 9.52249829e-05 3.07558599e-04 3.08111281e-04 6.32263545e-04
 3.07658047e-04 3.36273622e-08 2.97388092e-09 2.98539118e-04
 5.60576096e-04 8.49594289e-05 3.07495269e-04 3.08248360e-04
 4.29971173e-04 3.07414040e-04 2.81517049e-11 1.51598135e-12
 2.93136021e-04 4.62576107e-04 4.43286008e-05 3.07160110e-04
 3.08451417e-04 3.26126756e-04 3.07523413e-04 3.03636673e-13
 1.07391885e-14 2.87869392e-04 7.29307649e-04 1.82404656e-05
 3.06959526e-04 3.08189279e-04 5.17934444e-04 3.07570182e-04
 9.84243659e-11 4.87672663e-12 2.91332835e-04 7.33287132e-04
 1.82290405e-05 3.07594688e-04 3.08026647e-04 7.05455372e-04
 3.06353875e-04 4.56372294e-19 7.09923156e-21 2.76033912e-04
 5.03247255e-04 2.34200911e-06 3.05398833e-04 3.08441697e-04
 5.78041014e-04 3.06540896e-04 5.39284318e-21 5.51739572e-24
 2.68156204e-04 1.62941345e-03 5.30040438e-07 3.06427508e-04
 3.08063376e-04 5.24434820e-03 3.07189854e-04 1.58631007e-15
 2.49600716e-18 2.80319859e-04 6.66290696e-04 3.38635164e-06
 3.07359354e-04 3.07718059e-04 2.25883629e-03 3.07506707e-04
 1.84676419e-09 1.98230356e-11 2.94178782e-04 3.69416986e-04
 2.92998502e-05 3.07770737e-04 3.07842798e-04 7.36974063e-04
 3.07818293e-04 2.03754394e-06 1.85281337e-07 3.00749205e-04
 3.92031216e-04 8.37567204e-05 3.07965413e-04 3.07958224e-04
 5.36199135e-04 3.08043527e-04 6.73141185e-05 2.05316919e-05
 3.04113462e-04 3.36277182e-04 1.33730966e-04 3.08078947e-04
 3.08152550e-04 3.90370638e-04 3.08025483e-04 4.51761647e-04
 2.73371581e-04 3.05930385e-04 3.19757761e-04 1.74945628e-04
 3.08071467e-04 3.08178569e-04 3.24162393e-04 3.08019458e-04
 3.99184268e-04 3.00795684e-04 3.06247093e-04 3.28952563e-04
 2.01996110e-04 3.08139337e-04 3.08231916e-04 3.41818464e-04
 3.07364797e-04 1.24278348e-08 1.96970973e-09 2.98723986e-04
 2.58931657e-04 8.03570802e-05 3.07513023e-04 3.08634306e-04
 4.12997149e-04 3.05963767e-04 4.75554489e-18 3.11313721e-20
 2.80571549e-04 4.27886000e-04 6.60176192e-06 3.05876543e-04
 3.09146417e-04 8.13030871e-04 3.04860470e-04 8.92963871e-28
 3.91751125e-32 2.59165361e-04 2.29825778e-03 2.06337234e-07
 3.04399291e-04 3.09010386e-04 6.70983875e-03 3.05131980e-04
 8.66486602e-31 1.62203190e-36 2.50008947e-04 5.46052773e-03
 3.06315542e-08 3.04526446e-04 3.08218383e-04 2.19445135e-02
 3.05953872e-04 3.68624224e-26 4.35994205e-32 2.58343265e-04
 1.36580656e-03 8.02865614e-08 3.05745751e-04 3.07250943e-04
 7.35228416e-03 3.06602276e-04 1.22545515e-18 4.05742592e-23
 2.75037106e-04 3.26315436e-04 1.13284580e-06 3.06678470e-04
 3.07611423e-04 1.36266707e-03 3.06911970e-04 2.84692924e-13
 4.30512410e-16 2.86877155e-04 3.14188801e-04 9.34387481e-06
 3.07031121e-04 3.07964830e-04 6.99262484e-04 3.07310431e-04
 6.17015050e-11 9.13916837e-13 2.91603879e-04 4.84895805e-04
 2.27831715e-05 3.07220907e-04 3.08083370e-04 7.19489995e-04
 3.07273935e-04 2.04454613e-11 4.09560759e-13 2.91575794e-04
 3.48195608e-04 2.39378442e-05 3.07379465e-04 3.08193994e-04
 5.38792636e-04 3.06912989e-04 3.53285550e-14 5.02560212e-16
 2.86927505e-04 2.36707521e-04 1.25047618e-05 3.07123060e-04
 3.08438321e-04 3.67478613e-04 3.06894828e-04 1.89922363e-15
 1.93573879e-17 2.82281573e-04 4.36019560e-04 5.56837267e-06
 3.06776754e-04 3.08212067e-04 6.80067693e-04 3.07624752e-04
 7.03359940e-12 1.48148719e-13 2.87453353e-04 5.78368490e-04
 9.11388997e-06 3.07560666e-04 3.08030751e-04 9.70720255e-04
 3.07146343e-04 8.20924004e-16 2.28206849e-16 2.84039415e-04
 2.18839032e-05 4.12415966e-06 3.07142851e-04 3.08721588e-04
 3.19801802e-05 3.07195121e-04 8.57940813e-18 1.52541783e-18
 2.75901664e-04 1.36891598e-04 1.38101484e-06 3.07898445e-04
 3.08724382e-04 6.57780562e-04 3.07480164e-04 4.84201099e-14
 1.00167846e-14 2.83197704e-04 2.86062888e-04 5.64183938e-06
 3.08369345e-04 3.08533083e-04 1.44108385e-03 3.07711452e-04
 1.93436267e-09 4.43499903e-10 2.93839956e-04 2.88455311e-04
 3.06211296e-05 3.08331742e-04 3.08362156e-04 7.48208957e-04
 3.07894195e-04 1.35847779e-06 4.41908099e-07 3.00361979e-04
 3.15284822e-04 8.11880382e-05 3.08328337e-04 3.08144488e-04
 4.95226413e-04 3.07987881e-04 4.86212302e-05 2.22410035e-05
 3.04011395e-04 3.23822518e-04 1.40476142e-04 3.08354356e-04
 3.08075105e-04 3.93712195e-04 3.08062357e-04 2.99158011e-04
 1.85284371e-04 3.06051021e-04 3.25360073e-04 1.90400562e-04
 3.08309507e-04 3.08086892e-04 3.69465095e-04 3.08062794e-04
 2.95401027e-04 2.61201523e-04 3.06393602e-04 3.10801261e-04
 2.03945790e-04 3.08277929e-04 3.08209419e-04 3.18316044e-04
 3.07826063e-04 1.92471763e-08 1.99953138e-08 3.00064625e-04
 5.75641025e-05 7.53434942e-05 3.08648276e-04 3.08810064e-04
 7.44383797e-05 3.06933769e-04 5.75889032e-17 2.87263614e-17
 2.84522423e-04 6.75552792e-06 5.26490976e-06 3.08459217e-04
 3.09673283e-04 1.31864044e-05 3.06285510e-04 2.91828307e-26
 2.54344876e-27 2.64685048e-04 3.81312225e-06 1.44285963e-07
 3.07728915e-04 3.09928699e-04 2.18687164e-05 3.06055852e-04
 3.41410504e-29 5.97611548e-31 2.54578132e-04 1.83676420e-05
 2.45395029e-08 3.07505979e-04 3.09389463e-04 2.72348552e-04
 3.06383678e-04 3.82917052e-25 4.13951101e-27 2.59893044e-04
 7.27435618e-05 8.72057768e-08 3.08384071e-04 3.08701565e-04
 1.54400920e-03 3.07031121e-04 4.22768537e-18 1.13136879e-19
 2.74961058e-04 1.03739178e-04 1.37070026e-06 3.08735704e-04
 3.08249088e-04 1.05601107e-03 3.07390728e-04 4.15064874e-13
 3.54682477e-14 2.87128845e-04 9.87652747e-05 9.95088612e-06
 3.08494084e-04 3.08346265e-04 3.94910254e-04 3.07593669e-04
 8.61909849e-11 1.89409408e-11 2.92255630e-04 1.33244786e-04
 2.22911713e-05 3.08287039e-04 3.08435527e-04 3.14520381e-04
 3.07578390e-04 6.47936149e-11 2.26944748e-11 2.92643585e-04
 1.04731247e-04 2.41646230e-05 3.08319955e-04 3.08587070e-04
 2.13627092e-04 3.07509763e-04 9.96460184e-13 3.62668744e-13
 2.89827847e-04 5.24711795e-05 1.48980862e-05 3.08316725e-04
 3.08688323e-04 9.75377188e-05 3.07565788e-04 2.19567298e-13
 5.13385687e-14 2.86964583e-04 8.75499754e-05 8.82651238e-06
 3.08022834e-04 3.08417744e-04 1.78536968e-04 3.07762821e-04
 4.88104945e-10 1.16940693e-10 2.91337317e-04 4.64453013e-04
 2.01198309e-05 3.08227201e-04 3.08108487e-04 1.18702918e-03]