[-1.41215906e-03 -6.48200750e+00 -7.57969904e+00 -2.62151510e-02
  7.82064199e-01 -1.07238519e+00 -1.59107603e-03  7.41181575e-05
  6.07418001e-01 -1.74450560e-03 -8.41078186e+00 -1.07250128e+01
 -3.25592123e-02  3.73217434e-01 -1.60303044e+00 -1.68421329e-03
  6.69530855e-05  5.19345403e-01 -1.61452231e-03 -6.91201162e+00
 -9.08743286e+00 -2.71230116e-02  7.72414729e-02 -1.38469434e+00
 -1.04173424e-03 -9.77564778e-05  2.62768209e-01 -1.43738615e-03
 -5.42755222e+00 -7.01049900e+00 -2.26347446e-02  1.54982865e-01
 -1.14859653e+00 -7.92945502e-04  8.48147392e-05  2.71786064e-01
 -1.43987173e-03 -5.31333828e+00 -6.79194164e+00 -2.23673154e-02
  2.17890993e-01 -1.12083137e+00 -7.85881828e-04  1.84633274e-04
  3.30487460e-01 -1.48315250e-03 -5.67259216e+00 -7.26725006e+00
 -2.34604590e-02  2.48096496e-01 -1.16002631e+00 -9.03267006e-04
  1.68598694e-04  3.86900902e-01 -1.50567084e-03 -5.98783970e+00
 -7.69286108e+00 -2.44994834e-02  2.89669931e-01 -1.18968701e+00
 -9.96171846e-04  1.38977688e-04  4.30060863e-01 -1.44949916e-03
 -6.03442335e+00 -7.78858137e+00 -2.47332472e-02  2.97239423e-01
 -1.20223200e+00 -1.03198213e-03  8.59232969e-05  4.38981414e-01
 -1.41735608e-03 -5.86513710e+00 -7.61824560e+00 -2.40614321e-02
  2.62636513e-01 -1.17974377e+00 -1.00570510e-03  5.02212788e-05
  4.06735361e-01 -1.36808818e-03 -5.59704065e+00 -7.27598524e+00
 -2.31750235e-02  2.51937807e-01 -1.14005291e+00 -9.76350100e-04
  5.58453321e-05  3.87272030e-01 -1.32537331e-03 -5.37531805e+00
 -6.98200130e+00 -2.25726143e-02  2.64340669e-01 -1.10886848e+00
 -9.54255054e-04  7.10752502e-05  3.78015578e-01 -1.28591084e-03
 -5.20277500e+00 -6.77041388e+00 -2.20235419e-02  2.61632979e-01
 -1.08595026e+00 -9.09794297e-04  6.85210180e-05  3.70794535e-01
 -1.24279433e-03 -5.06793213e+00 -6.59585810e+00 -2.14679837e-02
  2.55447894e-01 -1.05769753e+00 -8.60864413e-04  6.18885751e-05
  3.61288488e-01 -1.23939430e-03 -5.02841997e+00 -6.51045895e+00
 -2.12252568e-02  2.71150172e-01 -1.03622651e+00 -8.53597128e-04
  7.92133214e-05  3.56662065e-01 -1.10567838e-03 -4.77486038e+00
 -6.15917063e+00 -2.06456110e-02  2.68548638e-01 -1.01988733e+00
 -7.95685861e-04  4.68052094e-05  3.22931647e-01 -1.07831287e-03
 -4.22230339e+00 -5.51136971e+00 -1.89617462e-02  1.98464185e-01
 -9.73025799e-01 -6.44722837e-04  2.83440877e-05  2.43765667e-01
 -1.54333678e-03 -4.66874695e+00 -6.07149792e+00 -1.96808409e-02
  2.47885570e-01 -9.68671799e-01 -8.08360928e-04  2.18296307e-04
  3.71859968e-01 -2.13349401e-03 -7.85037279e+00 -9.74407959e+00
 -2.86517758e-02  6.64916873e-01 -1.14795566e+00 -1.67628180e-03
  5.55215694e-04  7.10491478e-01 -1.39380957e-03 -9.95645046e+00
 -1.21154823e+01 -3.72346006e-02  1.02840495e+00 -1.45914054e+00
 -1.88325369e-03  1.24004247e-04  7.31273115e-01 -1.62547326e-03
 -7.43372679e+00 -9.66332531e+00 -2.97281947e-02  4.17390108e-01
 -1.56654251e+00 -9.04518180e-04 -3.56894889e-04  2.35525861e-01
 -1.45253341e-03 -9.22611237e+00 -1.01444874e+01 -3.34538259e-02
 -4.28833216e-02 -1.57902718e+00 -1.88999635e-03  3.60856386e-04
 -1.47620112e-01 -1.21360132e-03 -1.10695658e+01 -1.26042824e+01
 -4.26210351e-02 -3.32938135e-02 -2.11153221e+00 -9.94913629e-04
  1.33739246e-04  3.60744804e-01 -9.15095268e-04 -8.57115269e+00
 -9.90335751e+00 -3.34741510e-02 -2.61349201e-01 -1.68724382e+00
 -1.39372220e-04  8.91240343e-05  1.91802382e-01 -6.21009676e-04
 -6.22841120e+00 -6.94726229e+00 -2.58525051e-02 -2.25813806e-01
 -1.33011937e+00 -1.08323293e-04  3.60928185e-04  1.24411449e-01
 -5.54748985e-04 -5.96437407e+00 -6.48306513e+00 -2.50500198e-02
 -1.85271800e-01 -1.28587818e+00 -2.19694848e-04  4.75769775e-04
  1.40104875e-01 -6.80974510e-04 -6.50605154e+00 -7.07100534e+00
 -2.65053827e-02 -1.82477772e-01 -1.34378469e+00 -3.35383404e-04
  4.91702463e-04  1.48750037e-01 -8.37485713e-04 -7.07843637e+00
 -7.74212503e+00 -2.81899273e-02 -1.53749436e-01 -1.40861559e+00
 -4.87474841e-04  4.95102780e-04  1.60366550e-01 -8.73901008e-04
 -7.23644829e+00 -7.97638083e+00 -2.90019978e-02 -1.15429580e-01
 -1.44871151e+00 -5.04229974e-04  4.33751004e-04  1.87704235e-01
 -8.65663693e-04 -7.08516932e+00 -7.88039923e+00 -2.84594521e-02
 -1.39227778e-01 -1.42843497e+00 -4.03029437e-04  3.48656351e-04
  1.61593914e-01 -8.41492612e-04 -6.76304436e+00 -7.54518795e+00
 -2.72632297e-02 -1.64432585e-01 -1.37734711e+00 -3.39007180e-04
  3.05609807e-04  1.27970234e-01 -8.28300428e-04 -6.49275875e+00
 -7.24351883e+00 -2.64429357e-02 -1.43713415e-01 -1.33871460e+00
 -3.51732015e-04  3.17624625e-04  1.36044204e-01 -7.96235225e-04
 -6.30788279e+00 -7.04212332e+00 -2.59447619e-02 -1.11376852e-01
 -1.30946171e+00 -3.59945290e-04  3.27960617e-04  1.62463099e-01
 -8.01198243e-04 -6.22401571e+00 -6.97602701e+00 -2.55445540e-02
 -1.03968918e-01 -1.28398776e+00 -3.62501480e-04  3.08693328e-04
  1.62460640e-01 -8.46240378e-04 -6.31316185e+00 -7.11190748e+00
 -2.56426614e-02 -9.39324200e-02 -1.28041673e+00 -4.18960524e-04
  3.13761208e-04  1.60732374e-01 -7.13840185e-04 -5.93498182e+00
 -6.71640587e+00 -2.51877923e-02 -3.48101109e-02 -1.27412808e+00
 -3.89017281e-04  2.27526689e-04  2.04139099e-01 -5.51414269e-04
 -5.07923508e+00 -5.79535437e+00 -2.29417514e-02 -4.12723422e-02
 -1.19004953e+00 -1.88500970e-04  1.70105413e-04  2.01917067e-01
 -1.03119307e-03 -6.44705582e+00 -7.38921452e+00 -2.50326004e-02
 -1.37017846e-01 -1.21479332e+00 -5.28213161e-04  4.86768578e-04
  2.00545758e-01 -2.10495573e-03 -1.27155666e+01 -1.43897018e+01
 -4.14175577e-02  1.92382634e-02 -1.74488831e+00 -1.89928198e-03
  1.18946377e-03  3.15372825e-01 -2.25327280e-03 -1.68611774e+01
 -1.92372551e+01 -5.87704331e-02  7.91282296e-01 -2.47331977e+00
 -3.17198201e-03  7.54237990e-04  7.71836102e-01 -1.61068770e-03
 -1.25226212e+01 -1.50515985e+01 -4.97186817e-02  7.32270122e-01
 -2.49729466e+00 -1.32528262e-03 -7.79643451e-05  8.55416417e-01
 -4.57567803e-04 -7.82783461e+00 -8.36267567e+00 -2.78530773e-02
 -2.68664241e-01 -1.33714378e+00 -1.47688843e-03 -2.46960690e-06
 -5.34948707e-01 -7.21128425e-04 -8.71452713e+00 -9.42478466e+00
 -3.41297574e-02  6.65540770e-02 -1.68547487e+00 -5.47668897e-04
 -2.56940461e-04  2.03996032e-01 -4.06434527e-04 -5.73607731e+00
 -6.05853987e+00 -2.43766904e-02  8.74822363e-02 -1.21034181e+00
  1.78494854e-04 -1.26497776e-04  2.00045601e-01 -1.07772154e-04
 -3.27287745e+00 -3.25567126e+00 -1.60073806e-02  3.49902883e-02
 -8.27561796e-01  2.50171346e-04 -1.47386254e-05 -2.24350579e-02
 -1.03026730e-04 -3.01489830e+00 -2.95258069e+00 -1.47454431e-02
 -3.90205532e-02 -7.75789618e-01  1.76935340e-04 -3.91289395e-05
 -1.42718479e-01 -1.25514285e-04 -3.48106146e+00 -3.40739298e+00
 -1.59520768e-02 -9.51011777e-02 -8.36262703e-01  1.81988915e-04
 -3.08461058e-05 -1.75275251e-01 -1.69733437e-04 -4.03494310e+00
 -3.96199322e+00 -1.76187120e-02 -1.12032175e-01 -9.08508360e-01
  1.24081416e-04  2.96530216e-05 -1.61288872e-01 -1.74127985e-04
 -4.31711769e+00 -4.24298525e+00 -1.89510994e-02 -4.80134636e-02
 -9.58416402e-01  4.80726085e-05  5.86918541e-05 -8.47235173e-02
 -1.77072870e-04 -4.38448620e+00 -4.31158686e+00 -1.93211269e-02
 -9.32663679e-05 -9.58162129e-01  5.61618908e-05  7.28814921e-05
 -3.57934274e-02 -1.84144941e-04 -4.27262259e+00 -4.21134853e+00
 -1.87937450e-02  1.16688609e-02 -9.27087784e-01  5.48722965e-05
  4.24909558e-05 -3.70281599e-02 -1.85729121e-04 -4.15861416e+00
 -4.11541700e+00 -1.82189066e-02  1.56216323e-02 -9.01819706e-01
  1.60476266e-05  4.83051590e-05 -5.03754504e-02 -2.23323441e-04
 -4.09944963e+00 -4.07449436e+00 -1.79683380e-02  2.30248421e-02
 -8.92743886e-01 -3.18929742e-05  6.45718974e-05 -4.20595594e-02
 -2.15704029e-04 -4.10711765e+00 -4.09830284e+00 -1.79357547e-02
  1.94040090e-02 -8.89071524e-01 -3.40534898e-05  9.03372857e-05
 -4.94000502e-02 -2.58993998e-04 -4.30206776e+00 -4.34941435e+00
 -1.83311682e-02 -4.43685055e-03 -9.07610953e-01 -7.16124559e-05
  1.24458587e-04 -6.83035403e-02 -2.28337565e-04 -3.99808764e+00
 -4.09876823e+00 -1.80350784e-02  6.86427131e-02 -9.06799138e-01
 -1.54588794e-04  7.18055962e-05 -1.11941248e-03 -2.35664746e-04
 -3.12944269e+00 -3.23344445e+00 -1.59870125e-02  1.17582776e-01
 -8.36443663e-01  1.41375276e-05 -3.00561424e-05  7.15408623e-02
 -8.48598836e-04 -5.23879147e+00 -5.57341766e+00 -1.98808853e-02
 -1.11589015e-01 -9.45494592e-01 -1.35932467e-04  2.59730121e-04
 -6.05644248e-02 -2.08379119e-03 -1.36119852e+01 -1.46904297e+01
 -4.13806401e-02 -3.39226454e-01 -1.71414161e+00 -1.59332145e-03
  1.14115875e-03 -3.88849318e-01 -2.18262523e-03 -1.97830296e+01
 -2.18643703e+01 -6.52343333e-02  3.54352742e-01 -2.80356121e+00
 -3.14423721e-03  7.01402372e-04  1.91218495e-01 -1.78616203e-03
 -1.48080788e+01 -1.71573124e+01 -5.75784482e-02  8.30439210e-01
 -2.87358212e+00 -1.48261222e-03 -1.75844660e-04  1.04137790e+00
 -2.79410917e-04 -5.40350151e+00 -5.92598915e+00 -2.11533774e-02
  5.22079691e-02 -9.86791074e-01 -1.06673979e-03 -1.07740387e-04
 -1.69237942e-01 -6.49967522e-04 -5.61451530e+00 -6.36255169e+00
 -2.43816078e-02  2.60724813e-01 -1.23467422e+00 -3.36820551e-04
 -2.81897461e-04  3.69535446e-01 -4.27594874e-04 -2.86347961e+00
 -3.29902029e+00 -1.57292131e-02  2.24751860e-01 -8.37487876e-01
  3.71412898e-05 -1.08504082e-05  3.39182168e-01 -1.62522017e-04
 -6.90802574e-01 -8.78760159e-01 -8.97744019e-03  1.86955079e-01
 -5.31050861e-01  1.12218258e-05  8.40365246e-05  2.10885003e-01
 -9.64389474e-05 -4.02227372e-01 -5.96583784e-01 -8.02127551e-03
  1.45906270e-01 -4.94388878e-01  1.57223149e-05  2.50293397e-05
  1.49326444e-01 -9.12446121e-05 -6.14030480e-01 -8.33488166e-01
 -8.55410658e-03  1.08196840e-01 -5.17376542e-01  2.04197167e-05
 -5.17620210e-05  1.02684036e-01 -9.97734969e-05 -9.48027611e-01
 -1.19086003e+00 -9.23852716e-03  7.37613812e-02 -5.38588703e-01
  9.98896576e-06 -4.95151326e-05  6.27866015e-02 -1.77630311e-04
 -1.26627314e+00 -1.55411959e+00 -1.02511281e-02  1.18591130e-01
 -5.70457518e-01 -8.86025373e-05 -5.86622045e-05  1.21756554e-01
 -2.96911632e-04 -1.66824996e+00 -2.03678679e+00 -1.15693007e-02
  2.08226681e-01 -6.05899155e-01 -2.00620838e-04 -7.10635140e-05
  2.11802930e-01 -3.49049020e-04 -2.03551054e+00 -2.52019691e+00
 -1.27192261e-02  2.67288476e-01 -6.41500533e-01 -2.62645946e-04
 -1.10399385e-04  2.64659047e-01 -3.52395029e-04 -2.30652618e+00
 -2.90061903e+00 -1.34697678e-02  2.74781525e-01 -6.74525499e-01
 -3.38654732e-04 -1.27400519e-04  2.63258666e-01 -3.66520690e-04
 -2.45358324e+00 -3.09567761e+00 -1.38197774e-02  2.55296916e-01
 -6.95879698e-01 -3.91393492e-04 -1.20579585e-04  2.42479905e-01
 -3.17970582e-04 -2.49156880e+00 -3.09445095e+00 -1.38495890e-02
  2.34133586e-01 -6.97162509e-01 -3.54162999e-04 -9.64714054e-05
  2.08727509e-01 -2.72435718e-04 -2.62679172e+00 -3.15954089e+00
 -1.38952928e-02  1.84697777e-01 -6.99030221e-01 -2.87569594e-04
 -6.00746862e-05  1.48952812e-01 -1.76893198e-04 -2.27482963e+00
 -2.72139096e+00 -1.31074050e-02  1.93108171e-01 -6.88031614e-01
 -2.16703382e-04 -7.57886592e-05  1.84096128e-01 -2.15216336e-04
 -1.39297676e+00 -1.72393012e+00 -1.08675854e-02  2.08731115e-01
 -6.19659960e-01 -1.13075497e-04 -5.83570800e-05  2.27114066e-01
 -9.25601053e-04 -3.84090495e+00 -4.29936028e+00 -1.57931484e-02
 -1.08007014e-01 -7.64084399e-01 -3.26439389e-04  3.76924756e-04
 -5.74955381e-02 -1.79350527e-03 -1.27088280e+01 -1.37819748e+01
 -3.87340449e-02 -5.01488626e-01 -1.61550045e+00 -1.45583402e-03
  1.11841410e-03 -5.87539434e-01 -1.69830676e-03 -1.96016560e+01
 -2.16011772e+01 -6.45364374e-02  8.18888545e-02 -2.80695558e+00
 -2.93376273e-03  6.86017273e-04 -3.31567712e-02 -1.75806438e-03
 -1.47698040e+01 -1.70077648e+01 -5.76947071e-02  8.09399784e-01
 -2.86926532e+00 -1.49984204e-03 -2.24865289e-04  1.15240180e+00
 -5.01884904e-04 -4.88358641e+00 -5.51052427e+00 -2.00842582e-02
  2.76693463e-01 -9.04048800e-01 -1.18814979e-03 -6.59011421e-05
  6.61289394e-02 -6.53368479e-04 -5.12742996e+00 -6.12057304e+00
 -2.28345133e-02  3.48316759e-01 -1.13421583e+00 -5.30138146e-04
 -3.52522824e-04  3.88898730e-01 -4.05110593e-04 -2.55455232e+00
 -3.26577163e+00 -1.42254252e-02  1.79809332e-01 -7.77525842e-01
 -2.14757674e-05 -2.01858667e-04  2.47725382e-01 -2.62209447e-04
 -4.67820078e-01 -8.00380290e-01 -7.77132064e-03  1.35578603e-01
 -4.86020446e-01 -1.77398470e-05  4.19341677e-06  1.16485253e-01
 -1.88906197e-04 -1.49977803e-02 -1.96591198e-01 -6.75011100e-03
  1.68644190e-01 -4.48110223e-01  9.27871224e-06 -3.94908193e-06
  1.47096887e-01 -1.82386022e-04 -4.28589880e-02 -2.37914264e-01
 -7.02829380e-03  1.71528623e-01 -4.69309986e-01  2.85781134e-05
 -1.96982237e-05  1.58196971e-01 -2.06718803e-04 -1.92910939e-01
 -4.18626308e-01 -7.15708360e-03  1.38747588e-01 -4.70424414e-01
  3.61341590e-05 -1.53310684e-05  1.30149513e-01 -3.00192711e-04
 -5.51882148e-01 -8.31132114e-01 -7.94355851e-03  1.32133126e-01
 -4.92909193e-01 -5.09487945e-05  3.69354093e-05  1.28194705e-01
 -4.65299643e-04 -1.29272735e+00 -1.68489838e+00 -9.94495675e-03
  1.60668686e-01 -5.62610984e-01 -2.02971147e-04  1.00411897e-04
  1.55046806e-01 -5.84568887e-04 -2.10933185e+00 -2.65249491e+00
 -1.24414098e-02  1.95122942e-01 -6.63606524e-01 -3.33733449e-04
  1.26787738e-04  1.91757828e-01 -6.76751137e-04 -2.71658826e+00
 -3.42719746e+00 -1.43173933e-02  1.97653428e-01 -7.50456631e-01
 -3.83700244e-04  6.46385088e-05  2.05847502e-01 -7.22966215e-04
 -2.98058248e+00 -3.79730272e+00 -1.51117342e-02  1.81034729e-01
 -7.93143988e-01 -3.89823981e-04  6.69285373e-06  2.03224674e-01
 -7.15408823e-04 -2.95564389e+00 -3.81202984e+00 -1.50888171e-02
  1.76884025e-01 -7.90958107e-01 -3.85243096e-04 -4.15568866e-05
  2.04948038e-01 -6.80496276e-04 -2.92323899e+00 -3.76946545e+00
 -1.49000185e-02  1.80889070e-01 -7.69256413e-01 -3.56399454e-04
 -7.95128726e-05  1.99457601e-01 -4.36390808e-04 -2.39276934e+00
 -3.13592720e+00 -1.36908684e-02  2.03261897e-01 -7.22322166e-01
 -2.55661609e-04 -1.94412059e-04  2.03189671e-01 -3.07520851e-04
 -1.41979539e+00 -2.01879811e+00 -1.08518014e-02  1.76737949e-01
 -6.19271398e-01 -2.99676685e-05 -2.47895048e-04  1.73564091e-01
 -8.74090299e-04 -3.76813960e+00 -4.37835121e+00 -1.53660187e-02
 -1.14064068e-01 -7.50128746e-01 -3.02589091e-04  1.93524582e-04
 -1.06308967e-01 -1.79683231e-03 -1.23062706e+01 -1.33687162e+01
 -3.76498662e-02 -3.94459009e-01 -1.51757181e+00 -1.60715356e-03
  9.56283824e-04 -6.28665268e-01 -1.46810000e-03 -1.89388409e+01
 -2.08412762e+01 -6.16201460e-02  1.50620759e-01 -2.63407469e+00
 -2.66612438e-03  4.41129378e-04 -1.27830967e-01 -1.83754752e-03
 -1.42485752e+01 -1.63529034e+01 -5.47010042e-02  7.99430251e-01
 -2.73143411e+00 -1.45321013e-03 -3.74574622e-04  1.02624726e+00
 -6.80977362e-04 -5.32537651e+00 -5.98238564e+00 -2.13463493e-02
  2.33859375e-01 -9.79898930e-01 -1.28356484e-03  7.42086413e-05
  5.89129589e-02 -8.21335008e-04 -5.69974566e+00 -6.76865816e+00
 -2.48665903e-02  3.42704475e-01 -1.23024726e+00 -6.48085377e-04
 -2.14674757e-04  4.39214528e-01 -4.72557353e-04 -2.90199018e+00
 -3.72175407e+00 -1.57474466e-02  1.86264336e-01 -8.50925207e-01
 -1.19456708e-05 -2.30819554e-04  3.10038298e-01 -2.74848688e-04
 -5.27586222e-01 -9.59948719e-01 -8.11467879e-03  9.90307182e-02
 -5.20129323e-01  9.71694535e-05 -4.49339968e-05  1.36846051e-01
 -1.38021729e-04  2.19031155e-01  2.05580592e-02 -6.31803088e-03
  1.21419616e-01 -4.53297377e-01  8.52788944e-05 -9.38037556e-06
  1.47434890e-01 -1.11752328e-04  2.57751107e-01  9.36623216e-02
 -6.55873818e-03  1.36194319e-01 -4.74193811e-01  7.75616354e-05
 -1.29982782e-05  1.86769709e-01 -1.25113249e-04  1.40646309e-01
 -2.53677368e-04 -6.76202029e-03  1.09729916e-01 -4.80540693e-01
  1.38682983e-04 -1.08944278e-05  1.69562221e-01 -1.37745228e-04
 -2.11489588e-01 -3.47869694e-01 -7.48388004e-03  5.36540747e-02
 -5.10410905e-01  1.37912342e-04  2.84366415e-05  1.21864557e-01
 -1.93655811e-04 -9.87345815e-01 -1.15609670e+00 -9.47977323e-03
 -1.04576498e-02 -5.94028473e-01  7.35428839e-05  1.38623829e-04
  7.68987089e-02 -2.67435709e-04 -1.87010968e+00 -2.10559630e+00
 -1.22052059e-02 -2.43166238e-02 -7.08898962e-01 -2.15948021e-05
  1.95490211e-04  8.68305117e-02 -3.04864865e-04 -2.54741001e+00
 -2.84933901e+00 -1.44975521e-02 -1.18418485e-02 -8.07476640e-01
 -4.71249368e-05  2.22882009e-04  1.24298349e-01 -3.34493467e-04
 -2.87409902e+00 -3.22677827e+00 -1.55429468e-02 -8.78368318e-03
 -8.49495411e-01 -5.86434035e-05  2.12406987e-04  1.44704953e-01
 -3.74040217e-04 -2.92161441e+00 -3.30858874e+00 -1.56077873e-02
  1.35701448e-02 -8.47432435e-01 -1.12623587e-04  2.01931296e-04
  1.70805052e-01 -4.83490556e-04 -3.04350424e+00 -3.48407459e+00
 -1.57253090e-02  6.95198625e-02 -8.27455163e-01 -2.11185528e-04
  2.22094372e-04  1.96907267e-01 -3.65540385e-04 -2.57227778e+00
 -3.03151417e+00 -1.48961293e-02  1.92687243e-01 -7.85279930e-01
 -2.36918437e-04  9.97210591e-05  2.59118885e-01 -3.27442685e-04
 -1.63742220e+00 -2.09869742e+00 -1.20542515e-02  2.11877152e-01
 -6.68863893e-01 -2.49843142e-05 -3.36266385e-05  2.49789551e-01
 -1.10225938e-03 -4.28646946e+00 -5.00541973e+00 -1.72337573e-02
 -8.68183374e-03 -8.01552057e-01 -4.13456466e-04  2.39958448e-04
  7.03911334e-02 -1.90273672e-03 -1.31309175e+01 -1.44829569e+01
 -4.05045003e-02 -9.75845158e-02 -1.55974352e+00 -1.96319399e-03
  1.01570867e-03 -3.34450752e-01 -1.41735247e-03 -1.97647324e+01
 -2.19725552e+01 -6.45616129e-02  4.48125631e-01 -2.68580008e+00
 -2.93844054e-03  4.93646075e-04  5.25218956e-02 -2.14368245e-03
 -1.48202391e+01 -1.72597256e+01 -5.59632927e-02  8.22836161e-01
 -2.80797982e+00 -1.62891904e-03 -4.28887579e-04  1.02101684e+00
 -5.83941757e-04 -5.43373489e+00 -6.03804064e+00 -2.13232599e-02
  8.55897292e-02 -1.01246583e+00 -1.18208921e-03  4.01237048e-05
 -6.94416016e-02 -8.57393374e-04 -5.91937494e+00 -6.89141798e+00
 -2.56199632e-02  2.63188034e-01 -1.28737020e+00 -6.81010715e-04
 -1.58418770e-04  4.26226199e-01 -3.50792601e-04 -3.03941536e+00
 -3.72134352e+00 -1.68390088e-02  2.23931298e-01 -8.95628870e-01
  1.68337792e-05 -1.49400134e-04  3.48650217e-01 -1.89123355e-04
 -5.68190455e-01 -9.42509711e-01 -8.71931203e-03  1.23210236e-01
 -5.54375708e-01  1.34429807e-04 -8.12022772e-05  1.75484523e-01
 -8.41085566e-05  4.68195349e-01  3.13173145e-01 -5.78022841e-03
  1.36446163e-01 -4.35733616e-01  1.28308398e-04 -8.07782853e-05
  1.44169301e-01 -6.89595836e-05  6.45382941e-01  5.50542116e-01
 -5.55222575e-03  1.56445801e-01 -4.38440800e-01  1.27864128e-04
 -8.86830967e-05  1.73398107e-01 -6.21733343e-05  6.66207790e-01
  6.32267475e-01 -5.51733188e-03  1.53143644e-01 -4.42950964e-01
  1.27263658e-04 -6.51484152e-05  1.56732500e-01 -5.07262121e-05
  5.14379501e-01  5.28355122e-01 -5.78241050e-03  1.10905141e-01
 -4.52809244e-01  1.23827485e-04 -6.26079636e-05  9.22719091e-02
 -9.85353108e-06  6.04557395e-02  1.00408882e-01 -6.72773551e-03
  4.52689752e-02 -4.86404419e-01  1.43465353e-04 -7.64165670e-05
  4.45043668e-03 -1.86415127e-05 -4.98706788e-01 -4.61105883e-01
 -8.17334652e-03  1.46408975e-02 -5.38451076e-01  1.26762534e-04
 -7.98651745e-05 -3.12199481e-02 -3.91699723e-05 -9.28827286e-01
 -8.99650753e-01 -9.54623148e-03  3.18818465e-02 -5.91525435e-01
  1.10593406e-04 -5.34807477e-05 -4.98351827e-03 -7.68496320e-05
 -1.16217136e+00 -1.14891124e+00 -1.02976682e-02  3.87948528e-02
 -6.22433305e-01  1.53487199e-04 -3.92227448e-05  2.75861509e-02
 -8.82162567e-05 -1.29251254e+00 -1.29824018e+00 -1.06234886e-02
  3.09856012e-02 -6.37590408e-01  1.91735482e-04 -2.42555889e-05
  4.98692915e-02 -1.87072787e-04 -1.75817788e+00 -1.84766626e+00
 -1.15964375e-02  1.51484311e-02 -6.63032472e-01  9.07485373e-05
  7.94152438e-05  6.52132854e-02 -1.70814601e-04 -1.72611964e+00
 -1.90025425e+00 -1.22851050e-02  1.44734383e-01 -6.97301626e-01
 -6.06573376e-05  6.14038145e-05  2.17101380e-01 -2.27990415e-04
 -1.28247452e+00 -1.54314041e+00 -1.13250855e-02  2.28148654e-01
 -6.44263268e-01 -6.02285727e-05  6.56379270e-05  3.01763624e-01
 -1.39676325e-03 -5.34241009e+00 -6.21754837e+00 -2.02267971e-02
  4.66614664e-02 -8.94526780e-01 -8.03873467e-04  4.42823686e-04
  1.64447919e-01 -2.39839382e-03 -1.57955379e+01 -1.76661968e+01
 -4.85926270e-02  1.02656662e-01 -1.85687470e+00 -2.66408734e-03
  1.25717383e-03 -6.93829209e-02 -2.22096569e-03 -2.32697124e+01
 -2.63430710e+01 -7.61520565e-02  7.71787524e-01 -3.13638949e+00
 -3.89250903e-03  3.47982190e-04  3.99106443e-01 -2.27015256e-03
 -1.73862858e+01 -2.05504265e+01 -6.47395626e-02  9.31599855e-01
 -3.24355102e+00 -1.96058303e-03 -6.59190817e-04  1.09291112e+00
 -3.37661913e-04 -4.84244442e+00 -5.27384424e+00 -1.94419622e-02
  3.49365547e-02 -9.33604658e-01 -8.12945713e-04 -2.97825773e-05
 -1.90760002e-01 -9.12813237e-04 -5.19232035e+00 -5.96701002e+00
 -2.31886320e-02  1.65751144e-01 -1.22827458e+00 -5.91124757e-04
 -2.05286909e-04  3.61675620e-01 -2.67746946e-04 -2.33804297e+00
 -2.74596477e+00 -1.49934450e-02  2.41874397e-01 -8.05413306e-01
  1.19571181e-04 -3.00730771e-05  3.29268306e-01 -1.19811084e-04
 -2.92278022e-01 -5.09867787e-01 -8.02772213e-03  1.82896018e-01
 -5.17229557e-01  2.71554629e-04 -9.08055081e-05  2.31787264e-01
 -1.05498264e-04  6.93686187e-01  5.96794724e-01 -5.19747194e-03
  1.95776731e-01 -4.22990441e-01  1.66669881e-04 -4.69869738e-05
  2.23332494e-01 -1.41031705e-04  1.01592875e+00  1.03010607e+00
 -5.02989860e-03  2.55529225e-01 -4.47590292e-01  1.22195488e-04
 -2.35903008e-05  3.16747844e-01 -1.46694758e-04  1.08177984e+00
  1.20052004e+00 -5.31524234e-03  2.81562269e-01 -4.69793081e-01
  1.01578407e-04 -3.81165664e-05  3.29871684e-01 -8.05940144e-05
  9.89811778e-01  1.11304283e+00 -5.40947355e-03  2.33724385e-01
 -4.79901552e-01  1.48468855e-04 -1.64545490e-04  2.63641298e-01
 -4.57990536e-05  8.82027030e-01  9.83148277e-01 -5.34280855e-03
  1.98470160e-01 -4.68383133e-01  2.03738149e-04 -2.06905504e-04
  2.31674224e-01 -1.36365372e-04  7.89280772e-01  8.85864735e-01
 -5.41807432e-03  1.96004137e-01 -4.47229326e-01  1.02762118e-04
 -1.52074455e-04  2.18515515e-01  3.07798473e-06  6.99446619e-01
  7.81506002e-01 -5.62902866e-03  1.92697227e-01 -4.30491418e-01
  1.35014896e-04 -9.82349811e-05  1.90854192e-01 -1.21125486e-05
  5.44988036e-01  5.56997001e-01 -5.87478001e-03  1.72598720e-01
 -4.39793020e-01  8.62319430e-05 -9.03223772e-05  1.51924968e-01
 -3.38840036e-05  4.18516695e-01  3.95591736e-01 -6.03072252e-03
  1.45626768e-01 -4.42854315e-01  1.13176531e-04 -9.91701600e-05
  1.20568335e-01 -1.03221115e-04 -1.52869374e-01 -2.07695544e-01
 -6.96544908e-03  7.30291978e-02 -4.63856101e-01  1.15938565e-04
 -2.07552330e-05  4.79648970e-02 -1.20172306e-04 -4.85879928e-01
 -6.04817331e-01 -8.14113021e-03  1.25813127e-01 -5.16159713e-01
  2.10214894e-05 -4.16457769e-05  1.05409339e-01 -1.71625928e-04
 -5.50560355e-01 -7.13727295e-01 -8.51442106e-03  1.79091066e-01
 -5.28843224e-01  3.35078585e-05  2.04695007e-05  1.72711998e-01
 -1.57339987e-03 -6.37876320e+00 -7.22596121e+00 -2.18355097e-02
 -1.78838789e-01 -9.81071770e-01 -7.04147504e-04  7.16987473e-04
 -4.48410101e-02 -3.08831106e-03 -1.88947735e+01 -2.09699745e+01
 -5.67963086e-02 -1.39022768e-01 -2.25675797e+00 -3.02079925e-03
  1.64452859e-03 -2.17446223e-01 -3.10471538e-03 -2.77025986e+01
 -3.13128948e+01 -9.03407261e-02  7.05381036e-01 -3.80843925e+00
 -4.76724654e-03  6.84128550e-04  5.27401626e-01 -2.40526558e-03
 -2.04427395e+01 -2.41236076e+01 -7.65691325e-02  9.97569084e-01
 -3.81283379e+00 -2.22498504e-03 -6.00602885e-04  1.30530941e+00
  2.78466847e-04 -4.85967541e+00 -5.16766167e+00 -1.99630354e-02
  2.10126743e-01 -8.99612188e-01 -4.33148933e-04 -3.01989785e-04
 -2.65114844e-01 -1.43804727e-03 -4.94403505e+00 -5.82400417e+00
 -2.23479923e-02  1.23042546e-01 -1.26356602e+00 -8.26121832e-04
 -3.06123489e-04  3.68422300e-01 -4.26497310e-04 -1.40653872e+00
 -1.69340158e+00 -1.25126448e-02  2.43276834e-01 -6.69095099e-01
 -5.08179510e-05  9.51292968e-05  3.24809998e-01 -1.85993238e-04
  1.02639735e-01  5.53938448e-02 -7.54304416e-03  3.68160516e-01
 -4.75522459e-01  1.39549200e-04 -1.91022391e-05  4.43346202e-01
 -9.21698927e-04  1.02207303e-01  1.13734961e-01 -9.45478119e-03
  8.16379368e-01 -5.38161576e-01 -3.42658779e-04 -3.41744395e-04
  9.32918727e-01 -1.62835605e-03 -2.82774043e+00 -2.77752638e+00
 -1.92175806e-02  1.71837699e+00 -5.11360645e-01 -1.83977420e-03
 -7.50623440e-05  1.21986735e+00 -1.10713136e-03 -7.33448267e+00
 -7.64847612e+00 -3.00578680e-02  2.16139936e+00 -6.74703062e-01
 -2.81029916e-03 -3.20614054e-04  8.89859557e-01 -9.73942631e-04
 -9.50945282e+00 -1.04400692e+01 -3.25698741e-02  1.83210146e+00
 -1.12080300e+00 -3.17144278e-03 -8.09256744e-04  4.23358858e-01
 -1.30858121e-03 -7.23282099e+00 -8.32403469e+00 -2.53946725e-02
  1.11060107e+00 -1.20189857e+00 -2.68450170e-03  1.18838783e-04
  1.90917805e-01 -1.94857037e-03 -3.00035715e+00 -3.58717394e+00
 -1.53881582e-02  6.41458809e-01 -9.29101050e-01 -2.19163718e-03
  5.97824546e-05  2.55363941e-01 -9.69252025e-04  1.71000361e-01
  1.71850830e-01 -8.38360749e-03  3.55143428e-01 -5.64288795e-01
 -4.33392008e-04  1.03990526e-04  3.45684230e-01 -4.03574086e-04
  1.05316389e+00  1.12792051e+00 -5.50600886e-03  2.61033356e-01
 -4.16549027e-01  9.95082228e-05 -4.06851032e-05  3.55356842e-01
 -8.03052244e-05  1.10381758e+00  1.12997270e+00 -4.75353654e-03
  2.30542362e-01 -3.76494884e-01  2.29657919e-04 -2.95122973e-05
  2.74499029e-01 -1.04851169e-04  5.75461626e-01  4.80820209e-01
 -5.41483657e-03  1.37714043e-01 -4.08397675e-01  7.25255959e-05
 -2.69240136e-05  1.48129359e-01 -8.68072457e-05  2.75763333e-01
  1.15735918e-01 -6.41149422e-03  1.37955174e-01 -4.60058659e-01
  3.70604248e-05 -4.91986611e-05  1.82133988e-01 -7.36056681e-05
  9.07047391e-02 -7.73109198e-02 -6.95384201e-03  1.44797355e-01
 -4.82472360e-01  3.93417795e-05 -1.96763649e-05  1.89294964e-01
 -1.39947259e-03 -6.67289448e+00 -7.35430574e+00 -2.20746547e-02
 -4.90939796e-01 -1.01839674e+00 -4.90095408e-04  8.17988126e-04
 -3.82773846e-01 -3.04006902e-03 -2.03068466e+01 -2.21669483e+01
 -5.99480830e-02 -6.95556283e-01 -2.49998832e+00 -2.73100031e-03
  1.68408244e-03 -7.28114188e-01 -3.04845977e-03 -3.00006752e+01
 -3.33605270e+01 -9.72926021e-02  2.46879816e-01 -4.23276329e+00
 -4.87802038e-03  8.83709698e-04  2.91193634e-01 -2.35790573e-03
 -2.18934269e+01 -2.53802776e+01 -8.31758156e-02  1.04239881e+00
 -4.10263300e+00 -2.22113170e-03 -4.42907476e-04  1.58176851e+00
  2.94950616e-04 -7.28258181e+00 -8.12563038e+00 -2.97668781e-02
  8.22461069e-01 -1.16688478e+00 -1.23375154e-03 -5.97134640e-04
  1.11470729e-01 -1.81592617e-03 -7.20531368e+00 -9.11568642e+00
 -3.00542675e-02  2.73191750e-01 -1.67334735e+00 -1.20118540e-03
 -7.55460642e-04  6.28245294e-01 -9.14787175e-04 -1.88670909e+00
 -2.76451635e+00 -1.36018088e-02  1.18638858e-01 -7.52441466e-01
 -8.19627254e-04  4.13256639e-04  9.59226266e-02 -5.83280518e-04
 -3.26244026e-01 -6.99469388e-01 -8.12232122e-03  3.16181839e-01
 -4.36911225e-01 -4.02997306e-04  1.46263512e-04  2.94638753e-01
 -2.91383639e-03 -4.80272341e+00 -6.94769239e+00 -2.16260981e-02
  7.87467718e-01 -8.06628823e-01 -2.28653126e-03  5.26696385e-04
  7.97953486e-01 -6.09946065e-03 -1.57249641e+01 -2.11349525e+01
 -5.73946014e-02  2.06836843e+00 -2.06965566e+00 -5.83545910e-03
  6.71686546e-04  2.30458069e+00 -8.65361746e-03 -2.95998096e+01
 -3.92223778e+01 -1.08238794e-01  3.70270205e+00 -4.17036390e+00
 -9.15921852e-03 -6.30180875e-04  4.22907925e+00 -7.80667830e-03
 -3.75715408e+01 -5.01880264e+01 -1.42323062e-01  4.22646523e+00
 -5.87190485e+00 -9.87799838e-03 -2.64085107e-03  4.95483732e+00
 -5.68833621e-03 -3.48133774e+01 -4.77309914e+01 -1.35612980e-01
  2.98166275e+00 -6.07343531e+00 -9.02258791e-03 -3.60021833e-03
  3.73136449e+00 -3.39386403e-03 -2.33267994e+01 -3.30659332e+01
 -9.44200382e-02  1.21033072e+00 -4.65125418e+00 -6.74309535e-03
 -1.68873998e-03  1.75916278e+00 -2.44574388e-03 -1.10983877e+01
 -1.65859165e+01 -4.90507931e-02  2.11509347e-01 -2.66643524e+00
 -4.06285981e-03 -5.14922955e-04  3.46168578e-01 -1.44615420e-03
 -3.07086039e+00 -5.19670868e+00 -1.91903580e-02  2.49920487e-02
 -1.21644068e+00 -1.69457763e-03 -4.73419350e-05  6.64455295e-02
 -6.14225341e-04  2.18415946e-01 -3.34264338e-01 -7.24164490e-03
  1.26433983e-01 -5.36028326e-01 -5.67331386e-04  2.24946980e-05
  9.03266221e-02 -1.16630763e-04  7.80725002e-01  7.29621112e-01
 -4.92436718e-03  1.75424188e-01 -3.88098121e-01  6.43518724e-05
 -2.45290958e-05  1.66336358e-01 -8.52670200e-05  5.78263640e-01
  4.80986536e-01 -5.57321683e-03  1.68428078e-01 -4.21735287e-01
  6.46470362e-05 -6.10741117e-05  1.65485024e-01 -6.54986070e-05
  4.80560601e-01  3.68342966e-01 -5.75897284e-03  1.65367678e-01
 -4.33470964e-01  1.37367984e-04 -8.59119609e-05  1.55677125e-01
 -1.08940259e-03 -5.72157907e+00 -6.12044525e+00 -1.92765743e-02
 -5.97486138e-01 -9.25263524e-01 -2.31372032e-04  6.84040540e-04
 -6.33459032e-01 -2.56910897e-03 -1.83452778e+01 -1.96927147e+01
 -5.37635051e-02 -1.09904397e+00 -2.34792328e+00 -2.00346787e-03
  1.30766490e-03 -1.17551982e+00 -2.55189440e-03 -2.75081139e+01
 -3.01412907e+01 -8.93137082e-02 -2.34706968e-01 -4.00836134e+00
 -4.05662088e-03  6.85174658e-04 -5.33287413e-02 -1.90805737e-03
 -1.99796562e+01 -2.27196369e+01 -7.75364414e-02  9.78769183e-01
 -3.80508113e+00 -1.80774706e-03 -2.95637787e-04  1.60350358e+00
 -9.93711059e-04 -1.25262957e+01 -1.42501707e+01 -4.81995568e-02
  1.31508589e+00 -1.88023150e+00 -2.88148434e-03 -7.08022737e-04
  6.40312076e-01 -1.92093744e-03 -1.21041174e+01 -1.52368593e+01
 -4.79056165e-02  4.90714312e-01 -2.53518796e+00 -1.56934699e-03
 -1.11567404e-03  9.63255465e-01 -1.55818823e-03 -4.20785236e+00
 -6.23663425e+00 -1.98453087e-02 -1.96338713e-01 -1.13399947e+00
 -6.28685986e-04  2.53254966e-05 -9.46557894e-03 -3.17690370e-04
 -6.92664623e-01 -9.21862662e-01 -8.09066836e-03  3.70113701e-02
 -4.94267225e-01 -1.97428584e-04  1.66740429e-04  1.03100926e-01
 -1.48070371e-03 -8.10183144e+00 -9.02484417e+00 -2.69074645e-02
 -3.84451807e-01 -1.35733330e+00 -1.32553978e-03  1.20714772e-03
  1.43720359e-01 -5.56423003e-03 -2.56125088e+01 -2.84387856e+01
 -7.71215633e-02 -6.38829589e-01 -3.56474948e+00 -5.06341783e-03
  3.21545941e-03  1.27693281e-01 -1.02929454e-02 -4.83193741e+01
 -5.48143005e+01 -1.51914552e-01 -1.06697977e-01 -6.97159815e+00
 -9.37986095e-03  4.09051124e-03  1.02709544e+00 -1.17475539e-02
 -6.14632568e+01 -7.15613861e+01 -2.05973268e-01  8.59139144e-01
 -9.66489601e+00 -1.00657586e-02  2.67906534e-03  2.21108007e+00
 -1.00840516e-02 -5.74903564e+01 -6.95702972e+01 -2.01910764e-01
  6.75572634e-01 -9.80133629e+00 -6.79815235e-03 -3.59371683e-04
  2.59948945e+00 -6.68173237e-03 -3.94145966e+01 -4.98022728e+01
 -1.43026635e-01  1.66863501e-02 -7.26966286e+00 -2.73502385e-03
 -2.48820800e-03  2.00785351e+00 -3.50749539e-03 -2.04608974e+01
 -2.71377277e+01 -7.56950378e-02 -4.32475805e-01 -3.94453025e+00
 -2.41976275e-04 -2.02309177e-03  9.83824968e-01 -1.26166746e-03
 -7.12041807e+00 -9.95301342e+00 -2.96009947e-02 -2.53224075e-01
 -1.72052157e+00  4.24703874e-04 -1.34542817e-03  4.25476432e-01
 -9.69204353e-04 -1.08157766e+00 -1.94093442e+00 -1.00064343e-02
  7.54079223e-03 -7.00169563e-01  9.99879849e-05 -4.36326809e-04
  2.60912687e-01 -2.05063407e-04  9.53480601e-01  1.00617158e+00
 -4.92327521e-03  2.32396066e-01 -3.78547400e-01  1.42634497e-04
 -4.79142691e-05  2.68359601e-01 -5.20292888e-05  7.59739280e-01
  7.31863618e-01 -5.30870073e-03  2.20279425e-01 -4.06525016e-01
  7.64929136e-05 -6.22695516e-05  2.35804275e-01 -5.31232799e-05
  6.90492034e-01  6.04852378e-01 -5.31776622e-03  2.00584024e-01
 -4.20530260e-01  1.06836233e-04 -8.63783207e-05  2.29090050e-01
 -7.38128030e-04 -3.94956851e+00 -4.06019640e+00 -1.52908182e-02
 -4.62896526e-01 -7.79882491e-01  1.14376307e-05  4.37014882e-04
 -5.21679461e-01 -1.73711975e-03 -1.41768141e+01 -1.48464575e+01
 -4.25876267e-02 -1.00129092e+00 -1.85686886e+00 -1.18806900e-03
  9.19004728e-04 -1.19896853e+00 -1.33886375e-03 -2.20070362e+01
 -2.35525932e+01 -7.10198209e-02 -3.93417418e-01 -3.16955471e+00
 -2.74630333e-03  6.16635953e-04 -4.86661851e-01 -1.84556085e-03
 -1.59995575e+01 -1.77650871e+01 -6.23502471e-02  8.61113071e-01
 -3.06353188e+00 -1.33290095e-03 -2.76360253e-04  1.32445395e+00
 -1.54110009e-03 -2.03813877e+01 -2.24845486e+01 -7.08894879e-02
  1.47006929e+00 -2.69653821e+00 -4.61260835e-03 -3.49373993e-04
  4.04395044e-01 -2.46262690e-03 -1.97563190e+01 -2.35213947e+01
 -7.26707578e-02  9.62151468e-01 -3.54541159e+00 -2.05624034e-03
 -1.34478672e-03  1.25552070e+00 -2.43825861e-03 -8.36223984e+00
 -1.09766111e+01 -3.15791368e-02 -9.17070657e-02 -1.67811108e+00
 -8.29619530e-04 -3.24286200e-04  2.42849067e-01 -7.61651667e-04
 -8.53902459e-01 -9.65650976e-01 -8.76410771e-03 -3.79469097e-02
 -5.25051713e-01  8.92126991e-05  7.04566628e-05 -8.56566131e-02
 -7.60947180e-04 -6.77674961e+00 -6.46948528e+00 -2.20839474e-02
 -1.30946684e+00 -1.17443061e+00  1.68015377e-03  5.31426864e-04
 -1.25378883e+00 -1.70524628e-03 -2.22172394e+01 -2.21441975e+01
 -6.34675026e-02 -3.37811375e+00 -3.25259709e+00  2.14409619e-03
  1.38934597e-03 -3.03899074e+00 -2.41049053e-03 -4.27282829e+01
 -4.33000221e+01 -1.30092070e-01 -4.67639112e+00 -6.50520849e+00
 -1.52154316e-04  3.35795106e-03 -3.40752745e+00 -2.72934209e-03
 -5.50287819e+01 -5.65496750e+01 -1.83223858e-01 -3.70403004e+00
 -9.00898838e+00 -2.83914083e-03  4.58088191e-03 -1.06058431e+00
 -3.58757493e-03 -5.29601936e+01 -5.47964058e+01 -1.90889969e-01
 -1.13357151e+00 -9.11498642e+00 -3.74323013e-03  4.51187650e-03
  2.42235422e+00 -3.15062026e-03 -4.05379028e+01 -4.22851486e+01
 -1.54207468e-01  1.53775084e+00 -6.69223118e+00 -4.25311131e-03
  2.48746946e-03  4.03942060e+00 -1.02496112e-03 -2.66498013e+01
 -2.81163311e+01 -1.00794598e-01  2.23371506e+00 -4.03447104e+00
 -2.28849170e-03  8.78811756e-04  3.02191663e+00 -8.31690559e-04
 -1.46313686e+01 -1.63179588e+01 -5.38256094e-02  1.50378311e+00
 -2.33759236e+00 -1.32366805e-03 -4.53691609e-05  1.38504946e+00
 -1.38042273e-03 -6.01613522e+00 -7.30075121e+00 -2.37266794e-02
  6.17558002e-01 -1.23179138e+00 -1.62529701e-03  2.14647778e-04
  4.39251721e-01 -1.50827575e-03 -1.33416092e+00 -1.80763745e+00
 -1.12596117e-02  5.15327752e-01 -5.63916802e-01 -1.66524493e-03
 -4.98104919e-06  2.91438073e-01 -1.59052215e-05 -5.08933902e-01
 -5.87670982e-01 -8.66699126e-03  5.26194572e-01 -3.72650862e-01
 -3.67266068e-04 -7.39818206e-05  3.04210842e-01 -1.76125468e-04
 -7.87372470e-01 -1.06601882e+00 -8.39443598e-03  4.29496825e-01
 -4.47294384e-01 -3.90589063e-04 -9.00741870e-05  2.15713874e-01
 -1.04191853e-03 -3.82801890e+00 -4.18640709e+00 -1.49638196e-02
  8.07200372e-03 -6.67388082e-01 -7.02269084e-04  3.23993212e-04
 -2.83323407e-01 -1.29754364e-03 -1.19363194e+01 -1.28231773e+01
 -3.65570746e-02 -2.71753877e-01 -1.42442834e+00 -1.63273432e-03
  6.93822163e-04 -7.16541767e-01 -4.52408101e-04 -1.82782841e+01
 -1.97579403e+01 -5.90276755e-02  1.71640977e-01 -2.46550512e+00
 -2.48588924e-03  4.59224015e-04 -2.63417512e-01 -2.08680425e-03
 -1.34858875e+01 -1.51898432e+01 -5.11899106e-02  8.68808746e-01
 -2.54659081e+00 -1.27865467e-03 -2.39222092e-04  1.03164256e+00
 -2.65056523e-03 -2.91705647e+01 -3.31876183e+01 -9.79800075e-02
  1.66115439e+00 -3.87583637e+00 -7.87105784e-03 -1.03734157e-04
  1.07809067e+00 -3.67546314e-03 -3.05824795e+01 -3.69248810e+01
 -1.11554116e-01  2.08034134e+00 -5.00646782e+00 -3.91903799e-03
 -1.92621979e-03  2.59373045e+00 -2.29949434e-03 -1.71267929e+01
 -2.18228512e+01 -6.19421452e-02  8.00314307e-01 -2.89363861e+00
 -1.72290206e-03 -4.62138851e-04  1.22824955e+00 -1.16695487e-03
 -5.10677290e+00 -7.02864313e+00 -2.20960453e-02  2.61102259e-01
 -1.09094965e+00 -1.67495583e-03  2.02463270e-04 -1.44722089e-01
 -5.01575589e-04 -3.51606441e+00 -3.74944210e+00 -1.53631577e-02
 -3.84369314e-01 -7.67505884e-01 -7.12070847e-04  1.55396974e-05
 -1.26547813e+00  3.46733694e-04 -8.21025658e+00 -7.49628687e+00
 -2.64809299e-02 -1.52733374e+00 -1.18976963e+00 -3.44253727e-04
 -2.72648263e-04 -2.83962989e+00  1.74151664e-03 -1.62359238e+01
 -1.48134079e+01 -4.87305857e-02 -2.37473154e+00 -2.18472075e+00
  1.61495860e-04 -1.14493037e-03 -3.59822989e+00  1.34011405e-03
 -2.21620007e+01 -2.03996830e+01 -6.78963438e-02 -1.82639182e+00
 -3.08516169e+00  3.18997947e-04 -1.57089182e-03 -2.44754672e+00
 -2.04129703e-03 -2.64440613e+01 -2.55717354e+01 -8.48656222e-02
  2.84681201e-01 -3.58252287e+00 -1.46118726e-03 -3.70851514e-04
  3.39029938e-01 -4.33555758e-03 -3.20189743e+01 -3.34619865e+01
 -1.05973959e-01  3.03364325e+00 -3.93364739e+00 -4.33768611e-03
  5.89542498e-04  3.11768556e+00 -5.10027260e-03 -3.68693810e+01
 -4.16876373e+01 -1.25604838e-01  4.71973944e+00 -4.53631449e+00
 -6.39051991e-03  2.40637382e-04  4.11054039e+00 -4.49768594e-03
 -3.52102890e+01 -4.27978058e+01 -1.20576575e-01  3.94892597e+00
 -4.71810722e+00 -6.06098957e-03 -1.75776228e-03  3.17251062e+00
 -4.11390606e-03 -2.56147938e+01 -3.30614471e+01 -8.65389332e-02
  2.02000475e+00 -3.78883505e+00 -5.64061897e-03 -9.82799800e-04
  1.43500090e+00 -3.95927485e-03 -1.48680658e+01 -2.02111950e+01
 -5.10032363e-02  8.93042147e-01 -2.35142279e+00 -4.98099159e-03
  2.04398923e-04  5.38886070e-01 -2.56548985e-03 -8.69570160e+00
 -1.17617569e+01 -3.35122943e-02  9.38722014e-01 -1.42862487e+00
 -3.49859265e-03  1.82001895e-04  5.39252043e-01 -1.39811868e-03
 -6.92989635e+00 -9.24229336e+00 -2.80800983e-02  9.43937302e-01
 -1.17445087e+00 -2.02764920e-03 -2.32219274e-04  7.18613267e-01
 -1.70407072e-03 -9.12310791e+00 -1.15485811e+01 -3.17923427e-02
  5.98271966e-01 -1.28851926e+00 -2.23329081e-03  2.12868021e-04
  3.33024800e-01 -2.49765371e-03 -1.62085953e+01 -1.91301403e+01
 -5.00563011e-02  4.06117946e-01 -1.93906307e+00 -3.32425348e-03
  8.71253200e-04  5.65928929e-02 -2.14173249e-03 -2.07381268e+01
 -2.40800591e+01 -6.81862906e-02  8.61402571e-01 -2.82705069e+00
 -3.97750968e-03  2.10378039e-05  5.19155681e-01 -1.98982586e-03
 -1.49569159e+01 -1.79617290e+01 -5.62268049e-02  8.66844356e-01
 -2.82767701e+00 -1.91006169e-03 -5.06670563e-04  8.28150272e-01
 -5.95256221e-03 -3.41461601e+01 -3.83094826e+01 -1.10169493e-01
  4.90388393e-01 -4.87968397e+00 -9.07456037e-03  8.39714718e-04
  6.28951609e-01 -5.34211472e-03 -3.85843964e+01 -4.54693184e+01
 -1.39123514e-01  1.66528213e+00 -6.36549520e+00 -5.71193453e-03
 -3.87695880e-04  2.83421302e+00 -3.22736683e-03 -2.59925480e+01
 -3.24470215e+01 -9.47619975e-02  7.71032691e-01 -4.51094007e+00
 -2.67567835e-03 -1.50907214e-03  1.99191201e+00 -2.19644303e-03
 -1.20250130e+01 -1.65593586e+01 -4.65053283e-02  1.81233034e-01
 -2.35311055e+00 -1.33782660e-03 -1.10402575e-03  8.71859491e-01
 -1.18345616e-03 -5.01894808e+00 -7.41657352e+00 -2.44165119e-02
  2.40648150e-01 -1.30277658e+00 -7.05826038e-04 -7.29298627e-04
  5.53812563e-01 -4.51852567e-04 -1.52132320e+00 -2.70872355e+00
 -1.32925408e-02  8.72428268e-02 -8.34862947e-01 -3.37309437e-04
 -9.84043872e-05  2.36403465e-01 -5.10653132e-04  3.82461369e-01
 -1.19861364e-01 -7.33569637e-03  3.68704200e-02 -5.66217840e-01
 -3.61652870e-04 -1.36434483e-05  5.05516194e-02 -5.30386518e-04
  2.58729845e-01 -2.42619812e-02 -6.30106404e-03  6.52202442e-02
 -4.22444940e-01 -1.41142446e-04  1.59277013e-04  1.03586540e-01
 -2.65778811e-03 -1.01185102e+01 -1.19605627e+01 -3.11732683e-02
 -1.74128950e-01 -1.34421277e+00 -2.17579212e-03  1.46372814e-03
  2.92747289e-01 -7.22664548e-03 -3.18024044e+01 -3.68312531e+01
 -9.38646421e-02  3.28163683e-01 -3.84335637e+00 -7.51141971e-03
  3.12189595e-03  9.70075905e-01 -1.08392220e-02 -5.41981888e+01
 -6.42324524e+01 -1.73226818e-01  2.00921345e+00 -7.30893660e+00
 -1.23531139e-02  2.68195546e-03  3.08063698e+00 -9.94854979e-03
 -6.11360474e+01 -7.43245697e+01 -2.09196642e-01  2.87460756e+00
 -9.21641731e+00 -1.19353291e-02  1.15328046e-04  4.26557922e+00
 -7.25886179e-03 -5.04777870e+01 -6.41254501e+01 -1.76404089e-01
  1.48880732e+00 -8.25284576e+00 -7.93940667e-03 -3.02857836e-03
  3.17207313e+00 -5.14173321e-03 -3.31584015e+01 -4.34740906e+01
 -1.13787375e-01  5.71712554e-02 -5.60596037e+00 -4.89350781e-03
 -1.85578712e-03  1.48650610e+00 -4.13216930e-03 -2.08025475e+01
 -2.72967396e+01 -7.16390535e-02  1.93009079e-02 -3.49597192e+00
 -3.74427647e-03 -7.07674422e-04  8.19332957e-01 -2.83494359e-03
 -1.54238949e+01 -1.96362190e+01 -5.52970432e-02  4.53240991e-01
 -2.60467076e+00 -3.12627852e-03 -3.22641805e-04  8.47849548e-01
 -2.95338361e-03 -1.65284424e+01 -2.04388733e+01 -5.53933084e-02
  1.22071117e-01 -2.55523276e+00 -2.61040241e-03  3.63475265e-05
  5.58637440e-01 -4.12911363e-03 -2.28892670e+01 -2.71420002e+01
 -7.14635104e-02 -2.63867736e-01 -3.20458364e+00 -3.44449212e-03
  8.28730525e-04  1.75972208e-01 -4.18802304e-03 -2.58125134e+01
 -3.03986397e+01 -8.77881125e-02  3.46994013e-01 -4.01359034e+00
 -4.57292702e-03  9.51063412e-05  7.91499317e-01 -1.81258598e-03
 -1.75955048e+01 -2.14557419e+01 -6.96323216e-02  6.29518032e-01
 -3.52089334e+00 -2.02091085e-03 -4.93500207e-04  1.14734519e+00
 -3.36873624e-03 -2.66512833e+01 -2.79314613e+01 -8.15803930e-02
 -2.64494181e+00 -4.31383085e+00 -3.38006322e-03  1.74644426e-03
 -2.26557684e+00 -3.20986961e-03 -3.12123489e+01 -3.29394455e+01
 -1.10648684e-01 -8.11503947e-01 -5.40787458e+00 -9.23351850e-04
  1.75564329e-03  7.58178473e-01 -2.28277361e-03 -2.25740433e+01
 -2.41496964e+01 -8.45479965e-02 -7.44816065e-02 -4.00048256e+00
  6.05198380e-04  1.13575952e-03  1.54245746e+00 -1.53049722e-03
 -1.19786701e+01 -1.34515057e+01 -4.76578958e-02 -6.61530197e-02
 -2.30900288e+00  4.83168813e-04  5.81817410e-04  8.86989176e-01
 -9.36795783e-04 -5.42432833e+00 -6.54734612e+00 -2.57046465e-02
  2.27834135e-02 -1.33392537e+00  4.72173851e-04 -1.24293889e-04
  4.74321604e-01 -6.32915820e-04 -1.84663284e+00 -2.62875557e+00
 -1.36280339e-02  4.95021641e-02 -7.85655558e-01  5.56524959e-04
 -3.49364796e-04  2.44926870e-01 -3.91161913e-04 -2.97213495e-02
 -5.08801639e-01 -6.94120862e-03  5.42393252e-02 -4.81563091e-01
  4.11146320e-04 -3.11481766e-04  1.81362987e-01 -3.89574328e-04
 -4.23591435e-02 -1.65401042e-01 -5.82265202e-03  8.46044719e-03
 -4.12839115e-01  3.08715564e-04  8.61763692e-05  3.23515423e-02
 -1.15820009e-03 -9.68108368e+00 -9.64295101e+00 -2.66954862e-02
 -1.67779386e+00 -1.40863562e+00  1.50914618e-03  2.03344109e-03
 -1.42072177e+00 -4.06109728e-03 -2.93083858e+01 -3.00039005e+01
 -7.98809528e-02 -3.82033157e+00 -4.06962919e+00  8.96331389e-04
  4.82453825e-03 -3.15150642e+00 -6.17559534e-03 -5.07113991e+01
 -5.31514587e+01 -1.52152583e-01 -4.39224529e+00 -7.66665077e+00
 -1.47369679e-03  5.64918341e-03 -2.64563632e+00 -6.92566251e-03
 -5.74622345e+01 -6.15075531e+01 -1.91085413e-01 -2.82010269e+00
 -9.43816471e+00 -2.19865912e-03  3.90752032e-03 -1.23610601e-01
 -5.85507276e-03 -4.81371613e+01 -5.26644020e+01 -1.70423016e-01
 -1.44375288e+00 -8.17017746e+00  6.52574876e-04  1.68181735e-03
  1.61144435e+00 -3.74406693e-03 -3.19200611e+01 -3.55408707e+01
 -1.14063554e-01 -1.08881342e+00 -5.41537189e+00  1.79219979e-03
  2.14826083e-04  1.23156059e+00 -2.57332157e-03 -2.04255238e+01
 -2.28853207e+01 -7.07621574e-02 -1.13794708e+00 -3.43303180e+00
  1.00925611e-03  5.30206249e-04  2.47965440e-01 -1.91347289e-03
 -1.50896387e+01 -1.66048775e+01 -5.30644506e-02 -8.38505149e-01
 -2.62650251e+00  3.37909441e-04  8.19597219e-04  2.03556772e-02
 -1.96321239e-03 -1.53749962e+01 -1.64240818e+01 -5.17378785e-02
 -1.07929552e+00 -2.54580355e+00  4.44952340e-04  1.31063221e-03
 -3.66461188e-01 -2.18611956e-03 -1.95497494e+01 -2.05604687e+01
 -6.14059083e-02 -1.77042890e+00 -3.02946067e+00  4.34231246e-04
  1.63880852e-03 -1.15045404e+00 -2.00394704e-03 -2.10622997e+01
 -2.25155163e+01 -7.13345781e-02 -1.25848365e+00 -3.55293274e+00
 -5.19458263e-04  7.62214593e-04 -5.45897305e-01 -1.36370142e-03
 -1.33556728e+01 -1.47845373e+01 -5.62116764e-02  4.10167158e-01
 -2.72898746e+00  1.43769968e-04 -2.41101676e-04  1.34851575e+00]