(1, 1, 32, 128)
0.158680
0.016953
-0.011054
0.046672
-0.006551
-0.019450
-0.069663
-0.065003
-0.001542
-0.000316
-0.142320
-0.063641
0.115622
0.036454
0.035431
-0.055537
-0.034105
0.150973
0.049734
0.076422
-0.087242
-0.082563
0.035257
-0.238874
0.087632
0.088229
-0.033130
-0.059674
0.055817
0.018775
0.012003
-0.108064
-0.133537
-0.013531
0.045132
0.060089
-0.131293
0.061803
0.052439
0.319256
0.061269
-0.008240
-0.099713
-0.029515
0.132497
-0.061615
-0.104421
0.025911
0.076674
-0.008647
-0.190246
0.085433
0.057588
-0.009240
0.000123
-0.006856
0.041580
-0.153541
0.174978
-0.028381
0.007675
0.277897
-0.130799
0.173943
0.010126
0.035564
0.106716
0.131885
0.074253
0.031725
-0.019010
-0.098692
-0.123076
-0.078600
-0.108769
-0.091750
-0.041069
0.062246
-0.042527
0.039267
-0.072387
0.009896
-0.162094
-0.184929
-0.065052
-0.063817
-0.131895
0.038270
0.039291
-0.072531
-0.057360
0.323042
0.071019
0.020583
0.075464
0.004582
-0.006641
-0.154194
-0.136511
-0.216459
-0.007909
-0.074652
0.105617
-0.051969
-0.100027
0.109300
0.072975
-0.216711
-0.111293
-0.086511
0.085085
0.020240
0.019464
0.043709
0.159084
-0.000924
-0.163845
-0.114275
-0.015333
-0.078146
-0.046108
-0.057042
0.005009
-0.005384
-0.050960
-0.078338
-0.032765
-0.179493
-0.125516
-0.053120
-0.090045
-0.040201
-0.005478
-0.133145
-0.092183
-0.088881
0.016540
-0.000134
-0.049469
0.044819
0.078185
-0.017334
0.059108
-0.148154
-0.124165
0.015436
-0.166763
-0.005594
0.056736
0.012586
0.107256
-0.060105
-0.122854
-0.054966
-0.051587
-0.010897
0.022126
-0.035109
0.069026
-0.156874
0.012452
-0.070161
-0.172367
-0.042973
0.026839
0.269114
0.034706
-0.099974
0.115591
-0.055965
-0.084407
-0.155178
-0.102686
0.359704
0.073477
-0.184681
0.025678
-0.010049
-0.128738
-0.085448
0.121748
-0.028359
0.014901
-0.009622
-0.182541
-0.110921
-0.055580
0.012499
-0.012170
0.076979
-0.016839
-0.072842
-0.080604
0.152139
0.086374
-0.072441
0.005454
-0.058806
-0.009335
-0.035086
-0.138766
0.010136
-0.104172
-0.062978
0.027565
0.217395
-0.166838
0.060787
0.036366
0.097465
-0.014008
0.100224
-0.069680
-0.081570
-0.129788
0.108606
0.045494
0.148202
-0.032939
0.034667
-0.050800
0.005340
0.023083
0.034274
0.086772
0.012022
-0.200278
0.167868
0.038291
-0.203693
0.059862
0.019882
0.109562
0.178637
0.126173
0.180263
-0.099197
0.146135
-0.003812
-0.132408
-0.011941
0.155946
0.183312
0.155118
0.146085
0.082914
0.073377
0.001701
0.113517
0.079747
-0.016813
-0.011823
0.054044
0.044219
-0.014896
0.057227
-0.029847
0.056350
-0.143434
-0.018504
-0.065638
-0.208909
0.024910
-0.114555
0.005593
0.000104
-0.085894
-0.037091
0.035905
-0.127121
0.099658
-0.043339
0.007137
0.028819
-0.092853
-0.143671
0.044589
-0.060037
-0.039236
0.008327
0.004746
-0.117771
-0.024407
-0.041002
0.013289
0.318659
-0.089879
-0.085349
0.050074
-0.011097
0.063244
-0.056074
0.025092
-0.207771
0.049848
0.081359
0.014405
-0.020721
0.036162
-0.033923
0.003974
-0.069654
-0.153398
0.186833
0.163856
-0.187591
-0.109759
-0.172986
-0.007068
0.191698
0.028333
-0.017012
0.089989
-0.072802
-0.163051
0.010914
-0.001424
0.046005
-0.083223
-0.093478
0.043365
-0.020245
0.074496
-0.048409
0.025399
-0.159627
-0.108823
0.004487
-0.056323
0.131027
-0.039019
-0.122121
0.145000
-0.002332
-0.024814
-0.052314
0.096608
-0.008591
0.055211
0.012450
-0.059924
0.149062
-0.038373
0.027316
-0.066114
-0.053986
-0.118628
-0.052928
-0.156308
-0.101754
-0.197616
0.247971
-0.014720
-0.011385
0.008243
-0.109352
0.037105
-0.102524
0.013637
0.014434
0.034493
-0.022618
0.098597
-0.029694
0.104736
-0.052455
-0.083141
-0.061621
-0.120203
-0.076052
-0.067081
-0.031579
-0.051040
-0.073973
0.477166
-0.061380
0.180234
-0.041183
-0.026358
0.079325
-0.049275
-0.052449
-0.092076
-0.058028
0.080102
0.149499
-0.007414
0.012356
0.065686
0.051992
0.067883
0.124528
-0.018432
-0.000234
0.014160
-0.023560
0.058107
0.087275
0.026672
-0.026420
0.012907
0.143424
-0.168787
0.204883
0.009850
0.091355
0.163800
0.119043
0.067342
0.312976
-0.036569
-0.020686
0.172397
0.248790
-0.023626
0.097238
0.099407
-0.026261
0.084904
-0.058979
0.065719
-0.128279
0.031952
0.015869
-0.009102
-0.075040
0.136805
-0.044039
0.072207
0.036793
0.236389
-0.059567
0.052214
0.081053
-0.086054
0.000485
-0.024083
0.061963
0.071487
0.119351
0.147894
0.102457
0.117117
0.203898
-0.018258
0.046612
-0.199222
-0.036191
0.014659
-0.092268
0.057873
0.051518
0.023118
-0.050751
-0.055897
0.082114
0.089559
0.053158
0.247747
-0.090381
0.023490
-0.098459
0.157165
0.180941
0.050055
0.097062
0.112706
0.118087
0.090204
0.181426
0.218350
0.024120
-0.046834
0.071861
-0.058783
0.005540
0.052819
-0.019387
0.072586
-0.005172
0.147420
0.084826
0.066535
0.139930
-0.027171
-0.080833
0.234277
0.081381
-0.086177
-0.098449
0.234518
-0.021739
-0.135134
-0.014254
-0.029606
-0.030130
0.024309
0.263689
0.062941
-0.041153
-0.006928
-0.070545
-0.101469
0.028106
0.062753
0.002372
0.118373
-0.080858
0.237817
0.085296
-0.010889
-0.011141
-0.101575
0.014836
-0.127687
-0.039941
0.099865
-0.129270
0.015338
-0.115026
0.035762
0.000022
-0.033747
-0.065134
-0.013602
0.042899
0.137647
-0.087562
-0.067802
-0.042130
-0.079943
0.005000
-0.014255
-0.031260
-0.050990
0.009041
-0.005126
0.103087
0.010473
0.018365
0.008504
0.063970
-0.040864
0.073658
-0.010225
0.292316
0.145085
-0.087927
-0.044287
-0.070763
-0.034702
0.032680
0.019027
0.083625
0.071413
-0.079279
-0.038879
0.031561
-0.145266
-0.117637
-0.099352
0.106249
-0.131702
-0.011260
-0.083434
0.251509
0.121773
0.070188
-0.004308
0.096639
0.064450
0.100114
0.050080
-0.014986
0.037829
0.027738
0.029974
0.033302
-0.093672
0.046735
-0.024890
0.035116
0.008571
0.014967
0.002274
-0.191057
-0.045792
-0.146749
0.099889
0.247475
0.221881
-0.121829
0.349757
0.032113
0.035712
-0.003196
0.099699
0.004931
0.081071
0.069810
-0.014150
0.244332
-0.116340
-0.005257
-0.138766
0.353495
-0.112291
-0.067755
-0.066195
0.033060
0.063514
0.045565
-0.009781
0.084580
0.081425
-0.051674
0.214410
0.103512
0.077444
-0.067724
0.031552
0.128443
0.033415
-0.110905
-0.028009
0.027514
-0.141195
-0.032914
0.110598
-0.096809
0.041777
0.076925
-0.029505
-0.004695
0.017114
-0.082712
0.013095
0.036803
-0.029632
0.013301
-0.028824
-0.171877
-0.014864
-0.029751
-0.032479
-0.152837
0.005565
-0.188830
-0.058367
-0.000223
-0.088758
-0.172334
-0.136008
0.129332
-0.093731
0.068375
-0.095737
-0.018931
-0.192847
-0.003599
-0.081545
-0.098672
-0.135038
-0.236380
-0.054083
-0.091749
-0.057192
-0.001050
-0.124674
-0.001859
0.021596
-0.182677
-0.165678
-0.210418
-0.081574
-0.064014
0.098172
-0.205389
-0.104697
0.050492
-0.142921
-0.059291
0.020412
-0.104487
-0.038916
-0.058841
-0.091705
-0.214922
-0.060955
-0.079669
-0.183798
-0.133428
0.046693
-0.104619
-0.091636
-0.056859
-0.310013
-0.151854
-0.089021
-0.045740
-0.043974
-0.126399
-0.048563
-0.103845
-0.096937
-0.142084
-0.178421
-0.128826
0.032639
-0.090505
0.256268
-0.193381
-0.132337
-0.150632
-0.012925
-0.171234
-0.306135
-0.136029
-0.081585
-0.090447
-0.072412
0.047042
-0.231075
-0.033551
-0.213021
-0.201584
-0.115696
-0.122900
-0.055706
-0.193150
-0.151634
-0.039565
-0.016772
-0.113437
-0.104198
0.119098
-0.093377
0.079161
-0.071216
-0.174608
-0.095479
-0.206641
-0.138115
-0.103092
-0.173167
-0.168854
-0.072235
0.011711
-0.238361
-0.026207
-0.130221
-0.177068
0.037702
0.099309
-0.052983
-0.184239
0.074008
-0.013604
-0.013226
-0.152584
-0.073093
-0.076894
-0.122258
-0.060211
-0.067730
-0.087393
-0.121739
-0.135426
-0.081491
-0.057327
-0.143422
0.023995
0.002346
0.198303
0.235621
-0.055014
-0.036309
-0.000149
-0.024849
0.044417
0.028868
-0.097729
0.197166
-0.099312
-0.038854
0.006720
-0.072105
0.142809
-0.130206
-0.011394
-0.045868
-0.056625
0.048690
0.056046
0.075333
-0.077141
-0.048564
0.054125
0.109238
-0.233673
0.005263
0.075797
-0.119518
-0.046575
-0.051898
-0.029066
-0.100445
0.010696
0.014311
-0.087595
-0.112558
-0.047922
0.061307
0.122725
-0.107240
0.071759
0.125931
-0.027080
0.006286
0.004800
-0.002548
0.098836
-0.001481
-0.002624
0.020441
0.084393
-0.137150
-0.104515
-0.011341
0.056921
0.250794
-0.053555
0.007582
-0.042508
0.067898
-0.147314
-0.118017
-0.220300
-0.013776
-0.073197
-0.046015
-0.073245
0.050797
0.096391
-0.005738
0.049867
-0.187948
0.020619
0.026771
0.036612
0.126072
-0.068978
-0.160738
0.163353
-0.082834
0.069529
0.066903
-0.162805
-0.212395
0.020695
-0.005772
-0.023184
0.000036
-0.062405
-0.045630
-0.015226
-0.234609
-0.011572
-0.030618
0.057436
-0.023634
0.008251
0.130965
0.090284
-0.029442
-0.040980
-0.041163
0.089786
-0.090589
0.040516
0.100168
0.066178
-0.043349
0.126681
-0.141987
0.092921
-0.043355
0.008719
-0.053873
-0.100245
0.067257
-0.099905
-0.023915
0.023066
-0.067613
0.040298
0.016805
-0.038787
-0.074021
-0.087913
-0.105928
-0.018620
-0.041308
-0.085570
0.018773
-0.000232
-0.003706
-0.059882
-0.016213
0.102520
0.033977
0.156027
-0.022048
-0.014525
-0.120025
-0.058517
-0.080388
-0.004179
0.052020
-0.145284
0.002960
-0.016947
-0.062606
0.001924
-0.028601
-0.069965
-0.082143
0.015825
0.011648
-0.024151
-0.122207
-0.150248
-0.050860
-0.162057
-0.115307
-0.108788
-0.035957
-0.129746
-0.048330
0.115372
-0.079854
-0.034675
-0.026951
-0.030935
0.012096
0.026194
-0.109595
0.224054
-0.072498
0.159357
-0.128974
0.041092
-0.072032
-0.053490
0.037568
0.037451
-0.021559
-0.006029
-0.233157
-0.004014
-0.014223
-0.049351
-0.336899
-0.085442
-0.065311
-0.132023
0.115910
-0.183094
0.069966
0.040209
0.166452
-0.157206
-0.092521
-0.073010
0.111086
0.256699
0.056117
-0.136342
-0.157131
-0.064758
-0.062514
-0.011221
0.071491
0.318007
-0.088640
0.113642
-0.175351
-0.022300
0.135584
-0.004482
-0.003509
0.088716
-0.007437
0.100424
0.026215
-0.135541
-0.019391
-0.013697
0.007906
-0.033033
-0.121531
0.175858
-0.012743
0.046982
0.075861
-0.150276
0.064011
-0.066988
0.015802
-0.067257
0.144756
-0.153170
-0.094303
0.007675
-0.010797
-0.126268
-0.095775
-0.036019
-0.034227
0.041220
-0.016675
0.014549
0.051955
0.160592
0.109949
0.023902
0.047336
-0.025200
0.036747
0.228680
0.044288
0.186430
-0.026775
-0.000118
-0.020640
-0.126504
0.078905
0.116959
-0.001120
-0.045385
0.226241
0.105103
-0.007869
-0.061757
0.137718
0.031026
-0.081452
-0.011974
0.079174
-0.088344
-0.093884
0.022561
0.026969
-0.067185
0.154873
-0.012476
0.021663
0.076939
0.059566
-0.038009
0.153778
0.082787
-0.057722
-0.019486
-0.057190
0.040562
-0.029755
0.137658
-0.027222
0.028224
-0.150909
-0.019064
-0.115229
-0.028039
-0.121595
-0.085975
0.055596
-0.064426
0.145108
-0.007472
-0.010507
-0.031435
-0.060217
0.193845
-0.028719
0.023015
-0.016059
0.109937
0.145347
0.026617
0.092032
-0.111583
0.020870
-0.078032
0.014231
0.018468
-0.079461
-0.131793
0.028979
-0.111630
-0.152107
-0.087482
-0.065175
0.067243
-0.189328
-0.049719
0.125099
-0.023234
0.090994
0.018445
-0.082273
0.010854
-0.000149
-0.143043
-0.040152
0.146023
0.108367
-0.037329
0.184636
0.174077
0.165082
-0.001211
0.010501
0.016553
-0.061121
-0.088887
0.084513
-0.002196
0.006085
-0.017502
0.005152
0.002535
0.006683
-0.092604
-0.111770
-0.035299
0.351671
0.042907
0.047037
-0.069583
0.100179
0.048314
0.119182
0.096069
-0.055065
0.248384
0.004885
-0.121587
0.045221
0.014228
-0.155596
0.156842
-0.037161
0.034015
0.058886
-0.066979
-0.039815
-0.185456
-0.010480
-0.005631
0.547086
-0.000003
0.122576
-0.052424
-0.004983
-0.073893
-0.207753
-0.178556
0.114454
-0.234659
-0.055882
-0.007132
0.023855
-0.006536
0.057122
0.063361
0.004019
0.065128
0.345014
-0.012926
-0.032523
-0.111375
-0.061617
0.050817
0.105956
-0.063106
-0.038940
-0.069434
0.038232
0.085755
0.025292
0.058900
0.062721
0.015571
0.141690
0.210706
0.014809
0.035841
0.041178
-0.114699
-0.042015
-0.021930
-0.040168
0.003713
-0.184854
0.008040
0.308165
0.166593
0.088854
0.000728
-0.100328
-0.022595
0.064171
-0.111747
0.059849
-0.023765
0.070414
-0.046087
0.078455
-0.022480
-0.027989
0.023651
-0.090911
0.034569
-0.023926
0.333456
0.006627
-0.042101
-0.040283
0.088314
-0.141881
-0.120156
-0.138124
-0.044783
-0.021061
0.053791
0.046955
-0.036035
0.009878
0.043149
-0.090450
-0.057255
-0.012491
0.078291
0.101651
0.058960
0.035885
-0.060878
-0.094064
0.030454
0.093842
-0.097897
0.013827
0.060509
-0.071462
0.030782
-0.009877
0.059276
-0.089234
-0.027837
0.009271
0.002625
-0.200157
-0.183009
-0.009578
-0.077007
0.116394
0.041463
0.003584
0.057320
-0.044608
0.087764
-0.010999
-0.016782
0.074240
-0.140667
0.084461
-0.006389
-0.024557
0.090072
0.087937
0.017628
0.170780
-0.038032
-0.047439
-0.015909
0.014949
-0.022018
-0.041264
-0.000045
-0.106611
-0.161299
-0.095842
-0.128848
0.043514
0.096225
0.134753
-0.057380
-0.143446
-0.060930
0.057145
0.274802
-0.069595
0.091394
-0.082359
0.003245
0.057405
-0.073158
-0.053572
-0.006657
-0.035410
0.084510
-0.015791
0.087511
-0.304274
0.163495
-0.089821
-0.099777
0.007787
-0.120205
0.015167
-0.113542
-0.102251
-0.015728
0.043541
-0.051601
-0.137509
-0.008298
-0.113655
-0.055928
0.005369
-0.028888
0.003251
0.045677
0.007155
-0.095999
-0.149021
-0.120037
-0.009554
-0.048254
0.049285
0.077144
0.104058
-0.150860
-0.076344
-0.089770
-0.001099
0.015501
-0.204549
0.260295
-0.088267
0.022668
-0.015517
-0.150945
-0.113646
0.129448
-0.192577
-0.035682
-0.043589
-0.052869
0.069511
-0.123693
-0.041369
0.448773
-0.162246
-0.124360
-0.061806
0.142594
0.011570
-0.101569
0.070162
-0.075963
0.007448
0.051006
-0.056857
-0.102540
-0.083190
-0.011102
0.078249
0.240001
-0.025163
0.117606
-0.085345
-0.044152
-0.087190
0.096066
-0.178539
0.098468
-0.181047
-0.036867
-0.038405
-0.033174
0.045906
-0.113766
0.090697
0.179766
0.050611
-0.030334
0.032160
0.194224
-0.007127
0.013764
-0.059765
0.033812
-0.055694
-0.113667
-0.039825
-0.103528
0.025883
0.027207
-0.001585
0.015594
0.137204
-0.079250
0.027228
0.187027
-0.088054
0.000002
0.033318
-0.043360
0.014920
-0.083669
0.009630
-0.029566
0.092194
-0.131954
-0.028499
-0.051577
0.065536
0.054680
0.114606
0.017604
-0.037639
0.019407
-0.086054
-0.007401
0.051763
-0.165331
0.002625
-0.071810
0.095140
0.052067
-0.057597
-0.003619
0.060644
-0.050497
-0.034369
0.021178
-0.047414
0.121383
-0.054044
-0.314701
0.016022
-0.031300
-0.034226
-0.064751
-0.140760
0.002965
-0.015058
-0.027456
-0.110530
-0.003198
-0.224479
0.131251
0.094789
0.045936
-0.086586
-0.125029
0.022768
-0.049800
0.077926
0.050373
-0.011216
-0.035078
-0.003124
-0.059676
0.044234
0.043591
-0.050497
0.018527
-0.143885
0.024820
0.041896
-0.053739
-0.030924
0.028458
0.266004
-0.050622
-0.161273
-0.247152
0.063468
0.003875
0.094509
0.002250
0.005136
0.068051
0.322550
-0.120348
0.062720
0.080882
0.042377
0.071655
-0.080933
0.017796
-0.051135
0.034260
-0.007786
0.015387
-0.032848
0.007850
0.089330
-0.009526
-0.176274
-0.004913
0.093975
0.016193
0.092257
0.088040
-0.022724
0.581418
0.031272
0.135232
-0.071385
0.034553
-0.009713
-0.001897
-0.022751
0.084502
0.042477
0.073967
0.022276
0.031492
-0.005404
0.009956
0.470311
0.080711
-0.178211
0.288668
0.037334
0.018699
-0.041295
0.068488
0.100174
-0.092229
-0.035192
-0.000190
0.003441
0.050829
-0.078357
0.124076
-0.075189
0.049247
0.096352
0.062124
0.149639
0.056658
-0.010769
0.054388
0.019709
-0.039278
-0.141047
-0.010609
-0.040761
0.372066
-0.128407
0.068389
0.036877
0.009891
0.030998
-0.020642
0.003754
0.059084
-0.092921
-0.008461
-0.185733
0.020084
-0.137331
-0.155967
0.013041
0.014172
-0.118156
0.004843
-0.007673
0.099866
0.142237
0.169371
0.018907
0.027267
-0.035373
-0.079377
-0.020191
0.064433
-0.040189
-0.062564
0.109805
0.035456
0.009464
0.207507
-0.078770
-0.022748
-0.028157
-0.062175
-0.066546
-0.082393
-0.001600
0.003241
-0.005636
0.199984
0.013602
0.043969
-0.150546
-0.040449
0.059236
0.066999
0.023471
0.060361
0.002173
-0.078273
-0.055328
0.071771
0.040260
0.063895
0.026388
-0.049016
-0.009398
-0.055242
0.205197
0.037851
-0.024988
0.025916
0.088537
0.014190
0.109629
0.078821
-0.105914
0.011894
-0.129890
-0.031317
-0.096018
-0.011677
-0.007728
0.013048
0.010225
-0.050080
0.071959
-0.103921
0.084747
-0.013640
0.042274
-0.020616
0.088761
0.061315
-0.105899
-0.082634
-0.059412
-0.068976
0.087096
0.061510
0.283012
-0.018770
0.130956
0.038310
-0.026780
0.035976
0.003305
-0.093926
0.020534
0.028843
-0.223164
-0.079447
0.033303
0.017808
-0.010332
-0.000042
-0.092810
-0.202030
0.038428
-0.003603
-0.068677
-0.035861
-0.025683
-0.023564
-0.232361
-0.010753
-0.150402
0.017655
-0.002269
0.062593
-0.101110
0.030559
-0.150917
-0.075094
0.035014
-0.104307
0.049832
-0.146431
-0.083908
0.021393
-0.095993
-0.169289
0.155658
0.176917
-0.053520
0.002551
-0.035087
-0.012348
-0.114830
0.018304
-0.077158
-0.021035
0.054718
-0.026327
-0.074522
-0.056144
-0.145472
0.266501
-0.058319
0.192130
-0.188723
-0.083969
0.004270
0.270797
0.017451
-0.064015
0.008090
-0.123471
-0.185289
-0.003942
-0.049496
-0.075010
-0.175976
0.098626
-0.160611
0.001932
-0.034308
-0.061507
0.038092
0.036749
-0.153003
-0.035160
-0.026194
-0.124647
-0.063962
-0.064929
-0.125525
-0.210441
0.097268
-0.037602
0.132373
-0.209225
0.022819
-0.188662
-0.030498
-0.150844
-0.156693
-0.003861
0.251186
-0.039909
0.004734
0.000587
0.013976
-0.008799
-0.000154
-0.095896
0.018672
0.163840
-0.019295
0.000235
-0.048918
0.054338
-0.040867
0.040083
-0.107430
-0.000830
0.109734
0.014983
0.122524
-0.021874
-0.086506
-0.015705
0.041682
0.081690
-0.026753
0.011653
0.308984
0.066450
-0.105851
0.051620
-0.061190
0.060967
-0.050020
-0.057571
0.062198
0.010646
-0.074684
0.001252
-0.154566
0.065851
-0.095487
-0.054639
0.017994
-0.000330
-0.138880
-0.056230
-0.104476
0.091353
0.128773
0.041828
0.162074
-0.016142
0.124665
0.093635
-0.194422
-0.110004
-0.150557
-0.193200
0.104420
-0.015064
0.083008
-0.064807
0.168129
-0.085574
-0.025750
0.146090
-0.111234
0.026654
0.034758
0.160894
-0.055554
-0.167541
-0.004462
0.036860
-0.147994
0.018886
0.027095
0.037731
0.095958
-0.112926
0.054942
0.133143
-0.046068
-0.048697
0.320776
-0.067021
-0.114312
-0.166235
-0.078407
0.088554
0.216693
0.085776
0.076583
0.099887
0.007048
-0.065239
-0.195864
0.030262
-0.134432
-0.086101
-0.079718
-0.175413
-0.128158
-0.019339
-0.019659
0.133221
-0.106300
0.012338
-0.052274
-0.084912
-0.092986
-0.112483
0.153088
-0.062296
0.055284
-0.017045
-0.191772
-0.154832
0.015509
0.008735
0.119208
-0.095507
-0.160032
0.089998
0.139740
-0.089274
0.181001
-0.041079
0.005832
-0.064797
0.002854
-0.083367
0.055356
-0.165241
-0.034269
-0.179145
-0.107759
-0.016908
-0.065315
-0.088781
-0.053198
-0.080512
-0.026933
-0.143924
-0.098031
0.024803
-0.008626
-0.127858
-0.145768
-0.289066
-0.030395
0.119214
-0.106198
0.028335
-0.088557
-0.038501
-0.017540
-0.015855
-0.093368
-0.070846
0.041749
-0.074154
-0.042097
-0.149387
-0.002630
0.144123
0.395134
0.055219
0.145905
0.291547
0.015880
0.000062
-0.019605
0.332515
0.050941
0.154687
-0.027781
-0.095308
-0.098713
0.118120
0.186678
0.026051
0.078946
0.028452
0.037518
-0.101005
0.040066
-0.056423
0.160726
0.051979
-0.049047
0.159553
-0.044178
0.229857
-0.020992
0.026665
0.096177
0.070852
-0.062882
-0.078111
-0.036742
0.118986
0.013164
0.139057
-0.001730
0.085905
0.100250
0.009645
-0.033667
-0.145716
-0.097623
-0.001543
0.080017
0.175704
0.325104
0.070081
0.165933
-0.017016
0.029808
0.131405
0.024148
0.052660
0.014731
-0.008590
0.373301
0.096599
0.099904
0.212765
-0.080402
0.183669
0.052106
0.177353
0.017003
-0.046273
0.030206
0.068538
0.114476
-0.003935
0.095053
0.129650
0.123716
-0.010234
-0.032350
0.180194
-0.057462
-0.105843
-0.049483
0.135268
0.188250
-0.091599
0.079048
0.075476
0.067836
0.000227
-0.035869
-0.087543
0.168711
-0.113961
0.035790
-0.038244
0.056471
0.009134
-0.052607
0.169505
-0.101465
0.048103
-0.011304
0.212028
-0.115730
-0.045506
0.244986
0.082028
0.065095
-0.042487
-0.037091
-0.083170
0.030621
0.120432
-0.015635
0.047831
-0.050486
0.001391
0.148783
-0.105579
-0.025693
0.035116
0.014483
-0.178579
-0.016535
-0.015087
-0.135183
-0.423998
-0.052517
-0.096722
-0.024007
0.078890
0.064705
-0.022541
-0.026636
-0.000314
-0.050155
-0.112933
0.073949
-0.057120
-0.072013
-0.020028
0.085195
0.076360
0.044226
-0.038632
0.011704
0.114219
0.100365
0.067194
0.035935
-0.045887
-0.022121
0.084735
0.073157
0.014736
-0.052743
-0.102993
0.094238
-0.114221
-0.192806
0.071007
0.113123
0.059463
-0.077811
-0.121832
-0.093762
-0.169054
-0.050474
-0.022838
0.489194
0.010285
0.088676
0.081316
0.143221
-0.157193
-0.011248
-0.008283
0.038130
0.006797
-0.059338
-0.058216
0.026355
0.105066
-0.030288
-0.030318
0.005990
-0.044712
-0.061390
-0.129681
-0.004050
-0.040289
-0.095461
-0.003376
0.022810
-0.166963
0.023142
0.075471
0.015696
0.077188
-0.003448
0.016888
0.092198
-0.047758
-0.047009
-0.020033
0.002852
-0.115545
-0.046244
0.050395
-0.016023
0.004379
0.117883
-0.131840
-0.022732
0.020961
-0.086140
-0.002169
-0.015251
0.075192
-0.095482
0.019186
-0.114224
0.016360
-0.062120
0.069040
-0.086157
-0.092786
-0.013422
-0.098829
-0.011640
-0.065718
-0.183190
-0.044761
0.055674
0.041493
-0.026938
-0.044028
0.035441
0.055618
0.002439
0.127512
-0.085326
-0.025450
0.050618
0.076290
-0.043754
0.125848
0.009584
0.071126
-0.016213
0.077721
-0.018806
-0.036234
-0.026359
-0.039977
0.091694
0.238874
0.039962
-0.011094
0.091504
0.055393
0.010456
-0.000115
0.048345
-0.044073
-0.136009
0.086035
-0.086870
0.043348
0.017815
-0.045398
0.077104
-0.017832
0.021249
-0.040343
-0.010418
-0.053645
-0.076062
0.022930
0.000999
-0.083812
-0.102648
0.045237
0.120012
0.015107
0.161576
-0.102575
-0.033749
0.001932
0.090706
-0.056956
0.534295
-0.045567
-0.001326
0.029660
-0.051345
-0.006917
-0.060684
-0.029306
0.065995
-0.092992
0.096857
-0.133076
-0.040764
0.045021
0.017105
-0.063961
-0.053612
0.012058
-0.064904
0.014627
0.007728
-0.056328
0.009498
0.049479
-0.056390
-0.024214
-0.051126
0.003935
-0.075288
-0.123084
-0.032276
-0.059110
-0.156294
0.130178
0.006240
-0.006062
0.064330
-0.034952
0.006770
-0.004935
-0.013400
0.057199
0.017572
0.034649
-0.044703
0.046396
0.019316
-0.024334
0.026849
-0.040046
0.024585
0.048172
0.168066
-0.040609
0.032624
0.079553
0.004637
-0.021447
0.145556
-0.056459
-0.004903
0.049445
-0.063913
-0.029202
-0.055144
-0.113340
0.040309
-0.017662
0.002678
-0.018198
0.058627
0.056920
0.019147
0.000555
-0.146485
0.041015
-0.074299
-0.026445
0.012408
0.018769
-0.034243
-0.056380
-0.100649
-0.017533
0.157807
0.016285
0.025154
0.009911
-0.034473
0.030504
0.121150
-0.042139
0.089738
-0.032161
-0.063953
-0.004284
-0.083646
-0.055378
0.014547
-0.000090
-0.017714
0.179106
-0.056771
-0.137400
0.096232
-0.011775
-0.011649
0.005568
0.025843
-0.112981
-0.168616
-0.099010
-0.017171
0.130820
-0.007641
0.063946
-0.050868
0.002954
-0.083997
-0.017070
0.005014
0.111613
0.004049
-0.024579
-0.068442
0.041363
-0.019656
0.037031
0.081390
-0.079526
-0.074994
-0.011146
0.281608
0.060170
-0.104925
-0.134360
0.130536
0.143055
-0.160898
-0.067082
-0.036802
0.081313
-0.034162
-0.076535
0.043523
-0.077307
0.030822
-0.031827
-0.040791
-0.050674
-0.004089
-0.042349
-0.099426
0.103264
0.111704
-0.091273
0.262170
-0.019408
0.460108
-0.089631
-0.092374
-0.125126
-0.079586
0.038998
-0.010208
0.137931
-0.020228
-0.050444
0.056242
-0.033374
-0.063873
-0.064563
0.058885
0.060021
0.025828
0.000527
0.046723
0.141421
0.011742
-0.050975
-0.135724
0.030343
-0.101897
-0.011892
0.102936
-0.173019
-0.032277
-0.045688
-0.103774
-0.070023
-0.025007
0.415384
-0.107402
0.038144
0.124343
0.163606
0.064919
0.133113
-0.072384
-0.022333
0.018701
-0.122411
-0.005451
-0.059310
-0.088273
-0.018432
-0.134317
0.305416
0.140139
-0.074834
-0.102527
0.040203
0.098678
-0.034170
-0.100980
0.173042
0.037310
0.040856
-0.024927
-0.032488
0.076163
0.059832
0.030944
-0.031829
0.017949
0.019401
0.023839
-0.000199
0.047144
0.038457
-0.031532
-0.131112
-0.026205
0.030576
-0.143089
0.117875
0.006471
-0.032207
-0.090599
0.017088
0.054351
0.075424
0.034504
-0.021018
-0.141072
0.054275
-0.059450
0.073006
0.017700
0.032793
0.161823
-0.022469
-0.080349
-0.046139
0.008095
0.046055
-0.041551
-0.108212
0.114065
-0.094649
0.096287
0.013361
-0.018522
0.150232
-0.043749
-0.033126
0.029675
0.080097
-0.164930
0.164865
0.082345
-0.060356
0.150989
-0.045879
-0.035126
-0.088904
-0.085721
-0.030800
0.020342
0.074853
-0.088336
-0.076573
0.301748
0.071255
0.188447
0.181135
-0.022075
0.033988
0.107962
-0.122663
0.334730
-0.091514
0.037179
-0.151031
0.125136
-0.045383
0.045052
0.030875
-0.105741
0.055196
-0.040027
0.067618
-0.008998
0.009774
-0.054610
-0.202589
0.086640
-0.121610
-0.150196
-0.150334
-0.071239
0.090371
0.065728
0.019468
-0.056678
0.048234
-0.021609
-0.032767
-0.017395
0.056017
0.000672
0.027334
0.098148
0.112175
0.040367
0.263115
-0.065340
0.107014
0.254716
0.019952
0.033092
0.160541
0.108366
-0.016945
-0.085163
0.038105
0.038738
-0.018335
-0.027310
0.147741
0.012438
0.038502
-0.018323
-0.045783
-0.010377
0.010959
-0.039065
-0.139856
0.098113
0.102065
-0.234598
0.061826
-0.071374
-0.038577
-0.022297
-0.000248
0.172156
0.057375
-0.137094
0.023625
-0.081434
0.099472
0.136843
-0.071961
-0.001587
-0.129164
-0.053354
-0.067945
-0.046506
-0.129247
0.037317
0.060843
-0.074373
0.061202
-0.103874
-0.115678
0.294173
-0.050517
-0.002569
-0.035555
0.089319
-0.194125
0.041154
-0.012000
-0.078306
0.216753
0.251703
0.183874
-0.114168
-0.005087
-0.012483
0.034410
-0.092472
0.195876
0.011990
-0.028879
0.080274
-0.045693
0.026167
-0.001707
-0.118667
0.013523
0.023682
-0.012011
-0.079602
-0.114665
0.046424
-0.038717
0.005101
0.109221
0.085596
-0.111292
-0.072920
-0.083721
-0.091877
0.030190
-0.019677
-0.138710
-0.067723
-0.044872
0.028355
0.217627
0.043702
-0.025287
-0.042874
0.041705
-0.002508
-0.083444
-0.029585
-0.080545
-0.036704
0.041903
-0.118563
-0.073333
0.036487
-0.006306
0.035542
-0.065894
0.056873
-0.064660
-0.128564
-0.054564
-0.094491
-0.026954
-0.062871
-0.140117
0.079632
-0.122450
0.114426
-0.044425
-0.056103
-0.035825
-0.070392
-0.136323
-0.169902
-0.054453
-0.146636
0.005928
0.106569
-0.076652
-0.022724
0.105704
-0.146284
0.064448
0.039353
-0.115721
-0.050647
-0.124532
-0.028613
-0.011772
-0.073431
0.007643
-0.040905
0.114736
-0.148253
-0.075175
-0.004343
-0.136008
-0.042008
-0.024742
0.008437
-0.009150
-0.005400
-0.000159
0.100969
0.012436
0.105460
0.081828
-0.166319
0.039380
-0.045760
0.011802
0.101975
0.017078
-0.023841
-0.040370
0.010523
0.037068
-0.078298
-0.194632
-0.034462
-0.209151
0.222527
-0.006458
-0.063753
-0.062916
-0.200971
-0.032503
-0.040468
-0.111320
0.089235
0.033340
-0.117465
-0.035256
0.017937
0.014043
-0.085653
-0.028348
-0.196898
-0.034918
-0.051993
-0.018719
0.074349
-0.046445
-0.017144
0.068345
0.074499
-0.006528
-0.044707
0.025894
-0.123263
-0.002760
-0.027344
-0.023551
0.012679
0.066964
-0.096681
0.035446
-0.081885
-0.107847
-0.127437
0.131345
0.010112
0.022537
0.010448
0.138778
0.058386
-0.019221
-0.048115
-0.132406
0.042216
0.016573
0.011006
-0.047884
-0.045990
-0.010652
-0.040233
0.061984
0.016924
-0.023649
0.051053
-0.115919
-0.005211
-0.015199
0.188078
-0.043136
-0.025359
0.003842
0.017394
-0.039937
-0.004541
-0.142434
-0.046113
-0.041802
-0.165331
-0.055372
-0.022902
0.358142
0.087443
-0.035785
-0.106205
0.023494
0.056680
0.047641
0.066269
-0.021407
0.074556
-0.085855
0.016829
0.052939
-0.062874
-0.011199
-0.014795
-0.144052
-0.105950
0.002532
-0.032436
0.054188
0.023086
-0.019938
-0.027649
0.098552
0.139500
0.087360
-0.010047
-0.020614
-0.005645
0.060577
-0.085545
-0.083681
-0.008649
-0.000310
-0.054668
-0.103400
-0.012633
0.069254
-0.025238
-0.107670
-0.094426
-0.019129
-0.070473
-0.028715
0.443356
-0.119422
-0.072683
-0.037657
0.008570
0.042683
0.141817
-0.016355
-0.005268
-0.058149
0.023853
-0.039982
-0.106750
-0.136765
-0.036678
-0.146027
-0.004136
-0.001186
-0.037422
0.039482
-0.069635
0.008081
0.072522
-0.015317
0.050002
0.048208
0.115180
-0.166735
0.229836
-0.076922
0.073151
0.115472
0.013261
-0.113114
0.020907
0.008101
-0.024796
-0.081479
0.083341
0.011642
0.035973
-0.000802
0.032710
-0.087786
-0.075628
-0.026410
0.043808
0.067227
-0.004701
-0.223530
-0.087971
0.017781
0.060226
0.066692
-0.091922
0.198061
-0.135343
0.032892
-0.018106
-0.024913
-0.078070
-0.053439
0.020987
-0.106848
-0.005830
-0.025702
-0.055496
0.008660
0.030846
0.215090
-0.089801
-0.150260
0.092527
-0.047312
0.255475
0.068983
-0.029122
-0.126753
0.091366
0.108463
-0.010833
0.015564
-0.069732
-0.040411
-0.052595
-0.052373
0.194954
-0.021727
0.364960
-0.059936
0.075724
0.043467
0.041898
0.044105
-0.070687
0.049597
-0.042144
-0.006138
-0.065935
-0.022532
-0.118127
-0.196314
-0.047904
0.033277
-0.101275
-0.031269
0.007461
-0.093038
0.104086
-0.029225
0.126847
-0.007851
0.075428
0.087251
0.062405
0.006306
0.002101
0.000034
0.072201
-0.000753
0.136593
0.148895
-0.045560
0.081853
0.066804
0.022458
0.075320
0.017612
0.097309
0.022767
0.076347
0.070622
-0.034059
-0.015257
0.024920
-0.004107
-0.129508
0.101573
-0.007261
0.027138
-0.036966
-0.078474
-0.002573
-0.006201
0.094376
-0.003377
-0.046603
0.006160
-0.042610
-0.069572
0.124888
0.045133
0.030236
-0.070453
0.061803
0.047307
0.100846
-0.033620
0.004911
0.010506
0.015635
-0.139212
0.079511
0.034473
0.018084
-0.008356
0.073234
0.015609
0.016075
-0.117506
-0.076534
-0.118129
-0.020812
0.079784
0.025132
0.087620
-0.026229
-0.027493
-0.063297
0.222469
-0.013574
0.003289
-0.045650
-0.067942
0.049899
0.048336
0.059165
0.076876
0.033126
0.021800
-0.031461
-0.014368
-0.118798
-0.016561
-0.023186
0.013651
0.005495
0.021350
0.048979
0.038307
0.008266
-0.038011
0.017979
0.097704
-0.089639
0.131314
0.005607
0.107185
0.527304
0.056091
0.039128
0.109368
-0.044595
-0.077433
0.009382
0.047029
0.052054
0.097862
0.064813
-0.000717
0.034935
0.063016
-0.135026
0.014815
0.022434
0.042255
-0.049019
0.019923
0.000433
-0.017665
-0.051205
-0.025558
0.020942
-0.000006
0.020407
0.038940
0.165936
0.023672
-0.060442
-0.018875
0.051207
-0.168581
-0.260903
0.140718
0.067617
0.000172
-0.077914
-0.042214
-0.017855
-0.190836
0.051291
0.369747
0.019101
0.151059
0.043673
-0.040420
0.061140
0.005482
-0.091034
0.054926
0.029023
0.122375
-0.122444
0.033933
0.055062
-0.132234
-0.036379
0.050582
0.057186
0.017633
-0.119603
-0.078473
0.125165
0.123962
-0.020853
0.144445
0.017002
0.177881
-0.067035
-0.203177
0.041142
-0.076169
0.127510
-0.047481
-0.309961
-0.073139
-0.016785
-0.159188
0.041586
-0.141671
0.156017
-0.221554
0.110793
-0.189368
0.040600
0.046518
-0.003875
-0.160141
-0.035645
0.076323
0.149532
0.074643
0.009006
0.031309
-0.168608
-0.065528
-0.003926
0.123764
0.128494
-0.145798
-0.029896
0.148693
0.112138
0.154628
-0.070406
-0.025440
0.124612
0.174111
0.111439
-0.028385
0.282401
-0.153364
-0.173866
0.069935
0.069941
0.096671
0.068354
-0.156499
-0.023151
0.040633
0.011180
0.104483
0.027522
-0.014036
0.295938
0.002887
-0.041896
0.048085
0.105392
-0.011489
-0.114577
-0.288007
-0.042346
-0.128082
-0.043227
0.042238
0.257905
-0.100999
-0.096638
0.010311
0.014956
-0.042626
0.150528
-0.187089
0.067523
0.032008
0.036662
-0.023514
-0.061069
0.019378
-0.138363
0.430474
-0.049198
-0.048062
0.051481
-0.040260
-0.033512
-0.056438
-0.009230
-0.120050
0.001032
0.061741
0.035157
-0.000249
0.022819
0.029169
0.045702
-0.058732
0.017164
-0.003679
0.089662
-0.201302
-0.017710
-0.037854
0.016313
0.021075
-0.238600
0.047385
0.048911
-0.044335
0.088868
0.025614
0.031863
-0.008730
-0.035537
0.131818
-0.031780
0.021304
0.051601
-0.038339
-0.056730
0.033164
-0.016887
-0.017685
0.029010
0.034593
0.041151
0.266412
0.013196
0.048397
-0.150746
0.014592
-0.042382
0.088609
-0.097484
-0.028194
-0.138566
0.057741
-0.063843
0.240454
-0.025655
0.104778
-0.174901
0.323613
0.652341
0.063925
0.040922
0.118675
0.085584
0.291937
0.058553
0.127016
-0.002779
0.053217
-0.018515
0.042937
0.050657
-0.208442
-0.014274
-0.090121
-0.255298
0.037879
0.102519
-0.188497
-0.099326
0.322106
-0.126475
0.055895
0.061992
0.141723
-0.169715
0.029595
0.068405
-0.017409
-0.061238
0.140109
-0.190824
0.015105
-0.119691
0.095437
-0.088480
-0.056525
-0.173696
-0.116037
-0.042199
0.045132
-0.022163
0.023625
0.203393
-0.086774
0.107663
-0.039616
-0.039870
0.051254
-0.071908
-0.144535
-0.053576
0.122374
-0.064212
0.037556
0.026767
-0.161318
0.038752
-0.038329
-0.038204
-0.047436
0.081898
-0.241034
0.003677
-0.000360
0.255532
0.149329
-0.020280
0.225264
-0.068975
-0.104927
0.081768
0.056290
0.022776
0.026886
-0.032550
-0.000210
-0.077673
-0.093954
-0.099368
-0.060382
-0.006507
0.026835
0.015537
0.047713
0.023310
-0.065501
0.063544
0.155048
0.087702
0.146135
0.322757
0.026876
-0.025500
-0.150479
-0.057503
-0.054631
-0.063283
-0.036045
-0.117493
-0.069423
-0.182085
0.116946
-0.042827
0.023060
-0.005418
-0.108032
0.048174
-0.060440
-0.044101
0.044323
-0.334366
-0.015239
-0.053821
0.095643
0.115090
0.174338
0.007893
-0.064150
0.060736
-0.072936
-0.031407
-0.064685
0.078714
-0.054886
-0.034642
-0.013691
0.003492
-0.062674
-0.031149
-0.104223
0.085194
0.093531
-0.204530
0.043910
0.056635
-0.096803
0.089737
-0.043851
-0.046307
0.064386
0.136546
0.061359
0.079007
-0.034228
0.026319
-0.033303
0.038559
-0.047024
-0.101017
-0.179175
-0.108891
0.104007
0.058695
-0.070739
0.025553
0.130971
-0.063544
0.031176
0.011561
0.027095
-0.116391
0.000670
0.138912
-0.030080
0.013712
0.021241
-0.079053
-0.151877
0.143226
-0.051937
-0.097857
-0.073443
-0.111472
0.045095
0.022797
-0.070360
-0.002942
-0.087314
0.027390
-0.026558
-0.053319
0.165675
-0.096858
-0.058835
-0.004267
0.216914
0.037177
-0.009540
-0.145157
0.114111
-0.117329
-0.024778
0.008502
-0.025850
-0.017148
0.073952
-0.161947
-0.070361
-0.018371
0.020177
-0.043347
-0.059152
-0.018675
-0.000045
-0.088500
-0.270888
-0.005814
-0.136964
-0.156486
-0.116942
-0.121234
-0.111168
-0.119630
-0.066449
0.025946
-0.103512
-0.134449
-0.135956
-0.020111
-0.145284
0.025112
-0.066275
-0.055957
-0.133786
-0.101484
-0.046756
-0.107074
-0.175924
0.207903
-0.004881
-0.104223
0.032343
0.031596
0.034223
-0.090701
-0.116995
-0.114227
0.097815
-0.070442
-0.080878
-0.035829
0.109188
-0.194389
0.020722
0.216942
0.058008
0.000745
-0.155179
0.001185
-0.199459
0.081772
0.085105
0.042322
-0.155244
0.028099
0.092392
0.202317
0.090639
-0.117027
0.104605
0.118811
0.080654
-0.192174
0.201012
-0.069315
-0.110659
-0.025309
0.022591
-0.125869
-0.088467
0.158627
-0.209740
-0.029299
-0.143703
0.001095
0.086449
0.147211
-0.071685
0.126701
-0.078646
-0.055177
-0.175057
-0.036901
-0.220950
-0.062866
-0.071768
-0.129318
-0.032318
-0.076660
-0.087069
-0.022592
-0.040175
0.086105
-0.035182
-0.008556
-0.034375
-0.022514
-0.072186
0.034897
0.026340
-0.106654
-0.125548
-0.062320
-0.039145
0.040135
0.014714
-0.071263
-0.108355
-0.179923
0.093721
0.187058
-0.018173
-0.078435
0.155006
-0.079768
0.072656
0.009973
0.057518
0.053660
-0.039984
0.016802
-0.112153
0.018466
-0.065940
-0.033034
0.074876
0.004057
-0.067001
-0.095019
-0.202723
-0.060374
-0.000017
-0.007713
0.099462
-0.040533
-0.013135
-0.128348
-0.183424
-0.255696
-0.159089
-0.059605
0.245198
-0.168846
0.003860
0.144296
-0.073985
0.026451
0.011124
-0.052960
-0.024039
-0.063069
-0.025117
-0.243715
-0.073958
-0.084941
-0.047596
-0.053983
-0.107294
-0.220176
-0.039213
-0.013393
-0.020099
0.077587
-0.000302
0.001156
-0.143357
-0.020025
-0.037510
0.118188
0.115912
-0.017409
0.095133
-0.022606
0.025561
-0.087186
-0.000194
-0.180328
0.032212
-0.183900
-0.091666
0.085173
-0.251223
-0.046238
0.031325
-0.079546
-0.069041
-0.147276
-0.257609
-0.089572
-0.073884
0.064000
-0.003778
0.028095
-0.033165
0.106716
0.018335
0.011873
0.003148
-0.036782
0.039603
-0.243354
-0.115468
0.242992
-0.241631
-0.149014
0.046395
-0.058126
-0.118192
-0.120363
-0.139509
-0.152062
0.033978
0.011214
-0.080470
-0.158023
-0.112766
-0.185370
-0.117486
-0.221927
-0.005837
0.097198
-0.026617
0.004429
0.141175
-0.128750
0.003869
-0.136516
-0.048579
-0.061575
-0.076861
0.019208
0.055445
0.185376
-0.176275
-0.179144
-0.153159
-0.110630
-0.003809
-0.025315
0.039566
-0.101541
-0.112145
-0.032293
-0.147050
-0.035476
0.268752
0.027824
-0.103507
0.143895
-0.221645
-0.059467
0.041983
-0.171845
-0.087156
-0.072135
0.042522
-0.106158
-0.057744
0.030823
-0.000199
-0.034722
0.115987
0.179095
-0.197410
-0.027872
-0.017381
-0.083338
-0.159225
0.286865
0.028556
-0.122666
-0.145257
-0.006662
0.111719
-0.013472
-0.147333
0.021820
-0.019671
0.087771
-0.034148
-0.005588
-0.050755
0.004036
0.097271
0.314600
0.193805
-0.100881
-0.085727
0.113723
-0.060211
-0.013839
-0.146276
0.017672
-0.022871
0.002845
0.069609
0.073610
-0.161947
0.123548
-0.102836
-0.064546
-0.073032
0.067784
-0.072497
-0.038097
-0.085991
-0.074707
-0.110299
0.133319
-0.051724
0.023642
-0.046628
-0.029134
-0.029822
-0.072461
0.111650
0.049334
-0.014604
0.102547
0.004218
-0.115152
-0.102324
0.072553
-0.049492
-0.086315
0.388643
0.107698
0.003685
-0.021448
0.051533
-0.039111
-0.053395
0.001166
-0.022134
-0.060675
0.103234
-0.162978
0.008299
0.055163
-0.044092
0.075494
0.023388
-0.001850
-0.013097
0.020958
-0.117077
0.005205
-0.123398
-0.130334
0.185217
0.073199
-0.151656
0.146640
0.030589
0.013680
-0.172107
0.033556
0.063304
0.045114
-0.083927
-0.044704
-0.115757
-0.020907
-0.223613
-0.032845
-0.022503
-0.109007
-0.116692
-0.050386
-0.091490
-0.015836
0.071944
0.059516
-0.015463
0.383707
0.104168
0.042012
0.089608
0.011470
0.069314
0.287130
0.000728
0.201005
0.100421
0.069155
0.074057
0.004050
-0.000220
-0.031730
-0.031047
0.016433
-0.058616
-0.123619
0.051589
-0.075824
0.132360
-0.172442
-0.050478
-0.008056
-0.076048
0.074096
-0.034453
0.005573
-0.057355
-0.090441
0.034189
0.021684
-0.005710
-0.013422
0.099175
-0.026589
0.189515
0.139841
-0.043504
0.026062
0.033380
0.006090
0.060347
0.014315
0.094159
-0.137304
-0.032995
-0.022035
0.016480
0.207164
-0.108455
-0.191583
-0.020638
-0.032529
-0.150240
0.168091
0.013725
-0.007005
-0.169692
0.106485
-0.006873
0.061742
-0.096888
-0.094092
0.049402
0.062539
0.210870
-0.104605
-0.074184
0.080514
-0.173977
-0.108520
0.255806
-0.075990
0.024379
-0.056890
0.340582
-0.087907
-0.253351
0.145270
-0.092721
-0.125678
0.081650
-0.167452
0.002949
0.258230
-0.059847
-0.082280
-0.043968
0.168707
0.142052
-0.002267
-0.172131
-0.007575
-0.060299
-0.057543
-0.009492
-0.002245
0.037116
0.014827
-0.104847
0.127066
-0.032385
-0.027737
-0.048584
-0.035104
0.047512
-0.030370
-0.025283
-0.095499
0.033626
-0.082910
-0.093540
0.040178
-0.008564
-0.099425
-0.077216
-0.056781
0.074376
-0.085770
-0.086840
0.091555
-0.066659
-0.100163
0.033054
-0.072712
0.073641
-0.069429
-0.092584
-0.068980
-0.095991
-0.091285
-0.126982
-0.114221
0.047406
-0.082445
0.038308
0.034969
0.013546
-0.043077
-0.000052
0.283032
-0.147707
-0.201781
-0.049968
-0.046289
0.023439
0.085226
-0.071349
0.175437
0.003542
0.018493
-0.038925
-0.078391
0.336443
-0.130726
-0.097027
0.027785
0.085305
-0.101808
-0.094639
0.013355
0.129547
0.231303
-0.000382
-0.180940
-0.010434
0.091016
-0.119217
-0.116237
-0.240062
-0.115474
0.060383
-0.030540
0.082894
-0.132512
-0.014038
0.151416
0.092563
-0.009661
-0.034000
0.158930
-0.103794
-0.064060
-0.145529
-0.052203
-0.034740
-0.274129
0.152975
-0.118974
0.007804
-0.000443
-0.222843
0.041990
-0.246385
-0.147013
0.004957
-0.134959
-0.139126
-0.120387
0.007457
-0.056076
-0.000048
0.034719
0.039631
0.190024
-0.122832
-0.036501
-0.100822
0.053013
-0.033853
0.070753
0.041848
-0.004587
0.055682
-0.006441
-0.086919
0.086690
-0.070713
-0.074071
0.097561
0.075533
-0.103388
-0.041492
-0.020407
0.081066
-0.045289
-0.065283
0.116621
0.056516
0.131570
-0.055953
-0.287224
-0.096329
0.041677
0.007779
-0.108409
0.012740
0.067528
0.138344
0.054359
-0.079766
-0.009911
-0.074843
-0.116899
-0.139737
-0.008899
0.198758
0.057823
-0.033774
-0.032188
-0.023374
0.021390
-0.061144
0.078144
0.014275
-0.057607
0.015402
0.040822
