(3, 3, 16, 64)
-0.043069
-0.120638
-0.003345
-0.052005
0.139754
0.054069
0.067917
0.026148
0.025897
0.003752
-0.041565
-0.020601
-0.066836
0.008105
-0.035949
0.019256
0.067085
-0.023736
-0.018425
-0.031692
0.065772
0.035057
0.067095
0.021787
-0.021862
-0.108005
0.022617
0.007623
0.019411
-0.245507
-0.011135
-0.039186
0.009714
-0.015983
0.036434
0.010512
-0.008278
0.130060
-0.035818
-0.143276
0.053655
-0.005371
-0.029504
0.001740
0.018228
-0.007305
0.029311
0.034386
-0.073510
0.048888
-0.013811
-0.100993
-0.019966
-0.011857
0.048651
0.044011
-0.054364
-0.035617
-0.031843
-0.036528
0.121483
-0.005599
-0.017295
-0.046485
0.049662
-0.018698
0.011971
0.120658
-0.058307
0.079267
-0.003992
0.090510
0.024552
0.014831
-0.057636
-0.017385
-0.003983
-0.007936
-0.028997
0.137990
0.007960
0.020870
0.021324
-0.063740
0.107622
-0.013395
-0.008343
0.081329
0.022785
0.013543
0.071304
0.004431
-0.080960
-0.113911
-0.007076
-0.004580
-0.014104
0.020564
-0.007370
0.061313
-0.012780
0.046201
0.042239
-0.030433
-0.094062
-0.020484
-0.045857
0.024930
0.038615
-0.003073
-0.068656
-0.048342
-0.103870
0.014569
0.037252
-0.141096
0.090202
0.036742
0.140538
-0.016790
-0.122430
0.124300
-0.017881
0.012387
0.036308
-0.023019
0.016218
-0.007373
-0.020820
0.012061
-0.015990
-0.054656
-0.026467
0.080714
0.050344
-0.065066
0.080088
-0.015684
-0.066297
-0.006849
-0.012550
-0.030145
-0.022372
0.179845
0.048355
0.021988
0.014218
-0.113656
-0.000254
-0.045708
-0.031112
-0.003561
-0.004880
0.019498
0.010672
0.031246
-0.015128
-0.123243
-0.024083
0.041092
0.016577
-0.082381
-0.107623
0.043892
0.057312
0.077418
-0.001185
-0.096856
0.041006
-0.109217
-0.093777
-0.028992
0.029493
-0.041196
-0.038714
-0.053842
0.003232
-0.062260
-0.052702
-0.054085
-0.022475
0.084892
0.092545
-0.033377
0.001941
0.055228
0.023277
0.047147
-0.072924
0.044381
-0.008550
0.020371
-0.073084
-0.001482
-0.041952
0.082337
-0.042906
-0.019239
-0.013993
0.039514
0.024271
0.056952
-0.027807
-0.010822
-0.047260
0.072450
0.003328
0.098000
0.040449
0.061661
-0.025453
-0.037307
-0.014361
-0.022917
-0.046940
-0.052397
0.056145
0.026003
0.019717
0.003636
0.118297
-0.134627
-0.032716
0.017360
-0.016064
-0.014511
0.055977
0.000227
-0.030266
0.067228
-0.040847
0.020542
-0.036168
-0.034959
-0.058960
0.009862
-0.006596
-0.033058
0.045422
-0.007659
0.094254
0.019065
-0.044029
0.066996
-0.032713
-0.012903
-0.078422
-0.046231
-0.042718
-0.073044
-0.010322
0.032754
0.073101
0.013362
-0.004872
-0.111913
0.030705
0.034888
0.042120
0.201577
0.049705
-0.045442
0.039367
-0.004519
0.081128
-0.039607
-0.020569
0.020552
-0.057854
-0.018477
-0.051748
0.071773
-0.036499
0.028463
0.036230
0.094536
-0.023456
-0.003222
-0.023922
-0.055794
-0.048737
-0.020732
-0.013752
-0.001258
-0.073278
-0.370308
-0.030624
-0.075862
0.000763
0.064172
0.137442
0.134274
-0.071340
-0.222664
-0.025341
0.047421
-0.015224
0.042096
0.029194
-0.021393
-0.025175
0.001906
0.026313
0.040249
-0.099972
0.021592
-0.055685
-0.002546
-0.009334
-0.139066
-0.136519
0.048573
0.081745
-0.036011
-0.042785
-0.089067
-0.028868
-0.039216
0.019162
0.048416
0.034670
0.094808
0.010122
0.012865
0.000310
-0.045119
0.123378
0.039599
0.053700
-0.005831
-0.013337
0.057938
0.042194
-0.060926
-0.028763
0.029936
-0.079087
-0.025271
0.054994
-0.133982
0.055955
-0.037827
0.008285
0.016975
0.030814
-0.055384
0.020164
0.057257
0.070407
-0.432854
0.023207
-0.043544
0.032831
0.067345
0.006256
-0.006722
0.001765
-0.034786
-0.036737
0.087708
0.146506
0.042794
0.042394
0.044339
-0.154865
-0.041868
-0.066678
0.097827
-0.024894
-0.265351
0.051973
-0.010139
-0.024761
0.040362
-0.013056
-0.158432
0.081031
0.057305
0.087656
0.039620
-0.049327
-0.084677
-0.094361
-0.030936
0.090342
0.050884
-0.018480
-0.000039
-0.020556
0.020190
0.024578
-0.006499
0.021743
-0.036317
0.049284
0.078618
0.077291
0.072490
-0.034597
-0.118364
-0.229240
0.026682
0.012386
-0.054952
0.038724
0.089545
-0.068237
-0.002787
0.057525
-0.050039
-0.059068
0.035831
0.035573
-0.332390
0.000085
-0.018942
0.070005
0.013404
0.022876
0.018330
-0.033945
-0.022593
0.014300
0.046081
0.022182
-0.023159
-0.020962
-0.247821
0.552620
-0.146858
0.075444
0.058290
-0.046314
-0.015968
0.036433
0.057185
0.229335
0.004404
-0.014672
0.021496
0.168411
-0.010456
-0.070433
0.017236
0.039852
-0.006999
0.047704
-0.000609
0.028469
-0.062441
0.041585
-0.052778
0.118367
-0.021220
-0.005498
0.019036
0.047182
-0.007671
-0.044549
0.024567
0.038974
0.045336
-0.009510
-0.022663
-0.064921
0.017337
0.018318
-0.057512
-0.078502
-0.016955
0.029417
-0.111450
-0.143858
0.040605
-0.040313
-0.014096
-0.093165
-0.312898
-0.033764
0.044444
0.025267
0.041773
-0.012473
0.005660
-0.013866
-0.130991
-0.030789
-0.120391
-0.020231
-0.014885
0.001530
-0.030643
-0.089113
-0.008449
-0.005641
-0.000969
-0.039111
-0.041646
-0.064289
0.027600
-0.039379
-0.110337
-0.142592
0.018842
0.040920
-0.045821
-0.004493
-0.036169
-0.183945
0.031312
0.034774
-0.027304
-0.010882
-0.014522
0.015064
-0.162591
-0.015078
0.073526
-0.006395
-0.087466
0.078004
-0.079281
-0.017195
0.027253
-0.032434
0.037878
-0.045725
-0.031704
0.020407
0.028286
0.013413
-0.029783
0.086682
0.031968
-0.012594
-0.013877
0.088834
-0.060985
-0.138655
0.044852
0.001442
-0.338753
0.010615
-0.005124
0.035806
0.013990
0.033401
0.122347
0.086219
0.070586
0.004726
0.132540
0.057149
-0.001821
-0.002503
0.005972
-0.050187
-0.002428
0.038251
0.007165
0.013846
-0.004567
-0.059827
-0.096328
0.009655
-0.088650
-0.013242
0.057045
0.006402
0.023320
-0.051994
-0.079346
-0.058049
-0.014182
-0.037923
-0.068054
0.034457
0.085391
0.007977
-0.043606
0.026580
0.196772
-0.030551
-0.001508
0.029810
-0.036661
0.057367
-0.138333
-0.093908
-0.120798
-0.042157
-0.069635
-0.110894
0.197206
-0.083154
0.097416
-0.035916
-0.021944
-0.048263
-0.070414
0.134781
-0.119696
-0.022877
-0.051181
0.035934
-0.486045
0.350372
-0.018355
0.052756
-0.045231
0.325734
0.166105
-0.028882
-0.009872
-0.056455
0.046480
0.041669
0.153035
0.006290
0.080253
0.010877
0.038651
-0.051541
-0.053377
0.024941
0.023967
-0.248395
0.210904
0.030850
-0.072928
-0.055826
0.000108
-0.055519
0.086196
0.046859
0.045107
0.032725
0.008135
0.003602
0.332681
0.090376
0.082893
0.019995
-0.059993
0.018446
0.102354
-0.016270
-0.021658
-0.021294
0.083098
0.014331
0.007536
0.005100
-0.010361
-0.079749
-0.014325
0.025975
0.007254
0.102530
-0.111643
-0.025147
0.002609
0.038495
-0.003552
0.023176
0.063111
0.138906
-0.014966
-0.220805
-0.290479
-0.019007
-0.048760
0.017788
0.076806
0.043516
0.056934
-0.041309
-0.049057
-0.020384
0.027174
0.101645
-0.036650
0.020910
0.005292
0.034673
0.045371
-0.015320
0.013831
-0.132789
0.022848
-0.010840
-0.060311
0.036953
-0.020825
0.004186
0.078097
0.018047
0.056273
-0.048462
0.034890
-0.017016
-0.053065
0.067428
0.060148
0.013061
0.036520
0.014177
-0.049022
-0.218259
0.007003
0.071936
-0.029543
0.111374
0.079320
-0.011794
0.007494
-0.119293
-0.019711
-0.032810
-0.381109
0.070132
-0.030845
0.027940
0.020084
0.078013
0.055073
-0.156349
0.042860
0.108390
0.004832
0.038576
-0.019257
0.008425
-0.397549
0.042742
0.002681
0.082678
0.022584
0.110208
-0.041790
-0.012249
-0.036335
0.082251
-0.011814
0.100279
-0.024445
-0.009610
0.086111
0.012668
-0.030361
0.064678
-0.003882
0.002686
0.017470
0.047215
-0.033604
0.013668
0.082238
0.002298
0.049465
-0.036013
-0.039163
-0.062630
-0.205946
-0.026361
-0.081432
0.000632
-0.020542
0.043227
0.063441
0.100213
0.034398
0.024108
0.001448
0.036558
0.013723
0.041973
0.007370
0.056592
0.030641
0.031239
0.003289
0.033402
0.173014
0.302529
0.024204
0.098152
-0.114526
-0.020297
-0.031885
0.012231
0.085584
0.094920
0.054423
0.040962
-0.026417
-0.008215
-0.342184
0.009587
0.004959
0.050395
0.005398
0.057050
0.020881
0.015429
-0.042270
-0.045934
0.072585
0.062928
-0.047848
-0.055369
-0.392849
-0.131770
0.064590
0.069611
0.152879
-0.015472
-0.146584
-0.016900
0.024856
0.010967
0.080426
-0.005400
-0.243013
0.075031
0.028412
-0.080883
0.073706
-0.001407
0.203042
-0.001709
-0.017064
-0.029368
0.056127
-0.015968
-0.025709
-0.008561
-0.007822
-0.005115
0.059611
0.036480
0.051845
-0.003597
0.098447
-0.051658
0.038991
0.006475
-0.045252
-0.134750
0.008850
0.089689
0.023410
0.020217
0.092548
-0.062756
-0.001805
0.159031
-0.066908
-0.018372
0.003666
0.012391
-0.333979
0.073095
0.015710
0.061296
0.001654
0.060445
-0.007310
0.014558
-0.020226
0.064795
0.012407
0.053998
0.011182
0.030194
0.154685
-0.441792
0.193632
0.066711
-0.012123
-0.057342
-0.195292
-0.040023
-0.028564
-0.141749
0.033292
-0.001984
-0.019300
-0.029788
-0.051993
-0.111948
-0.041680
-0.020543
0.181897
0.054205
-0.070959
0.025642
-0.002031
0.022873
-0.069383
0.040058
0.031433
-0.009884
0.042852
-0.011628
0.044182
0.049988
0.040126
-0.115994
-0.103445
-0.068256
0.020192
-0.054829
-0.029063
0.070640
0.007129
0.123661
0.027660
0.007782
-0.050727
0.008331
-0.055974
-0.092881
-0.002325
0.047656
-0.170309
0.066995
-0.000242
-0.028378
0.046612
-0.015045
0.049974
0.058341
0.039558
0.000925
0.051640
0.027729
-0.026994
0.009301
0.031036
-0.039010
-0.019761
-0.092902
0.012948
-0.029043
0.003528
0.056791
0.021270
0.058308
-0.039591
-0.084835
-0.004311
-0.006590
-0.172982
-0.031862
-0.004884
-0.042682
0.020338
-0.007329
0.010111
0.045570
0.047970
0.025150
-0.083063
0.035227
0.020073
0.148377
-0.012840
0.075193
-0.000130
-0.034166
0.014482
0.128048
0.081118
-0.037376
0.067581
0.030181
-0.040385
0.270311
0.091923
0.035693
0.030678
-0.084754
-0.145491
-0.032057
-0.093367
-0.099351
0.147418
0.068541
-0.347355
-0.149044
-0.016388
0.018470
0.083772
-0.103113
0.054580
-0.010597
-0.046074
-0.099262
0.047682
0.203469
-0.028562
-0.020039
0.052614
-0.075838
0.023775
-0.014724
-0.041228
-0.000804
0.035346
-0.049628
-0.023898
-0.025506
-0.003877
-0.018201
0.008512
0.130965
0.340354
0.010105
-0.036987
0.056893
-0.026850
-0.054951
-0.100739
-0.065474
-0.115431
-0.066100
0.007245
0.044519
-0.026593
-0.032997
-0.045168
-0.013063
-0.014349
0.018654
0.001631
-0.006069
0.145525
-0.058899
-0.017479
0.039334
0.022638
-0.016996
-0.064994
0.035090
-0.125865
0.028659
-0.169734
-0.086175
-0.212316
-0.044237
0.013526
-0.037696
0.050688
-0.031338
0.055376
0.091142
0.018848
-0.009968
-0.173094
-0.067690
0.082487
-0.082709
-0.166711
-0.003671
0.001065
0.033268
-0.008611
-0.006804
-0.011288
-0.011430
-0.022581
-0.050000
0.015090
-0.027338
-0.008947
-0.017491
0.014947
-0.074002
0.026156
0.002562
0.015533
0.005939
0.002700
0.094280
0.008460
-0.048385
0.030690
0.101957
-0.037177
0.048122
0.093485
-0.061187
0.006347
0.003899
-0.004591
0.051202
-0.032674
-0.023629
-0.077982
-0.032362
-0.063123
0.005068
0.041043
-0.031504
-0.076837
0.044721
-0.030102
0.126025
0.012943
0.094070
0.242979
-0.028313
-0.065496
0.107299
0.025941
-0.137307
-0.046835
-0.125956
-0.047006
0.030454
0.027627
-0.057224
-0.026314
0.042831
-0.002036
0.123788
-0.030289
-0.121422
-0.017708
-0.089945
0.021055
-0.057163
-0.030023
-0.050136
-0.044138
-0.131802
0.035054
-0.023092
-0.223311
0.037520
0.014651
0.130371
0.025514
-0.111105
0.048355
-0.117086
-0.081336
0.014005
-0.046902
0.116084
-0.017681
0.002124
0.096108
0.010237
-0.038629
-0.105933
0.004975
0.024935
-0.083590
0.104452
-0.034863
0.032004
-0.006045
-0.029990
0.016773
-0.009842
0.061745
-0.043517
-0.056711
0.008827
-0.101728
-0.056195
-0.024165
-0.079740
-0.041186
-0.070650
0.013158
0.040993
0.036350
0.031358
0.069189
-0.031221
0.165581
0.038010
-0.040475
-0.061092
-0.057660
-0.059969
-0.071842
-0.010137
-0.097681
-0.042167
0.014012
-0.017897
-0.030342
-0.050131
-0.054633
-0.012712
-0.046947
-0.004112
-0.056799
-0.051682
0.045133
-0.051261
-0.020482
-0.036900
-0.078996
-0.062046
0.029659
0.013609
-0.048699
-0.080985
-0.022498
0.055575
0.074238
-0.096076
0.022033
-0.221662
0.039546
-0.016193
-0.009072
-0.010648
0.061601
0.036610
0.029994
-0.010170
0.042057
-0.191530
0.121633
0.023455
0.030369
0.021886
0.011413
-0.118150
-0.085078
0.129819
0.016746
-0.101350
-0.130203
0.097932
0.038068
-0.096190
0.023815
0.190921
-0.022834
-0.043086
-0.057168
0.082478
-0.042753
0.136539
0.100930
0.044663
0.060645
-0.086227
0.032327
-0.082208
-0.021999
-0.002667
0.035766
-0.019381
-0.038704
0.104067
-0.040406
0.121190
0.004053
-0.057764
0.313898
0.003456
-0.076636
-0.062041
0.024963
-0.124508
-0.222731
0.023373
0.030951
-0.010451
0.036676
-0.162998
0.067048
0.052216
-0.059717
0.040374
0.230864
0.104330
-0.007086
0.006836
0.004250
-0.071747
-0.012076
0.041916
0.075537
-0.154272
-0.075312
-0.147799
0.044518
0.045287
0.048569
0.037883
0.167713
0.070457
0.114085
-0.021321
-0.077559
0.103277
-0.151812
-0.014320
-0.042730
0.071359
-0.061870
-0.045819
-0.511512
-0.086686
0.151153
0.083611
-0.027247
0.082933
0.067674
-0.044468
0.018101
-0.002780
-0.053205
0.068693
0.012630
0.021714
0.013843
0.023970
0.024040
-0.028485
0.043360
-0.014143
-0.138769
0.040748
0.018384
-0.095253
0.013993
-0.021273
-0.101318
-0.039226
-0.113355
-0.023071
-0.116995
-0.046358
-0.119616
0.087940
0.031184
0.027043
0.032352
0.022190
-0.023329
-0.009398
-0.003139
-0.032286
-0.015653
0.074073
0.012436
-0.023517
0.049451
-0.036969
-0.097980
-0.257370
-0.011629
0.072771
0.003006
-0.001045
0.113228
0.005619
-0.030272
0.012705
-0.087092
-0.039099
0.094098
0.013449
-0.010480
0.031594
-0.135262
-0.057199
0.123725
-0.001495
0.024434
0.011214
0.021814
-0.034369
0.018574
-0.016735
0.014680
-0.045977
0.314261
-0.019065
0.084001
-0.057199
-0.159806
-0.010039
0.021512
-0.010567
-0.025248
0.095963
-0.064262
-0.001396
-0.073898
0.103356
0.048699
0.090974
-0.038454
0.027161
-0.048302
-0.015230
-0.100797
-0.091997
0.065272
0.001834
0.014952
0.019433
0.021823
-0.004798
0.021372
0.009229
-0.037410
0.061412
-0.038642
-0.035939
-0.025710
-0.036241
-0.080049
0.006233
-0.004749
0.055513
-0.016078
0.069546
0.211999
0.016673
0.010625
0.007242
-0.045110
-0.023391
0.035695
0.036889
0.013506
-0.021918
-0.050779
0.021092
0.022417
-0.073224
0.026607
0.026120
0.024351
-0.031040
0.001557
-0.018531
-0.007133
-0.017567
-0.171486
0.337562
0.123969
-0.010621
0.146011
-0.027440
0.030242
0.008279
-0.017042
-0.369239
-0.043739
0.020423
-0.013084
-0.079749
0.007546
0.009603
-0.019026
0.006054
0.056788
-0.005930
-0.028690
0.022515
-0.092979
0.022168
-0.027182
0.105187
0.005517
-0.017819
0.062079
-0.060463
-0.045882
0.005129
0.000899
-0.005233
0.043431
-0.061985
0.064163
-0.027118
-0.004464
-0.033972
-0.033822
-0.023425
0.036463
0.032299
-0.042035
0.039802
0.104248
-0.010005
0.050859
-0.048893
0.012569
-0.003588
0.024439
-0.161293
-0.038806
-0.119164
0.088155
0.060632
0.015692
-0.028807
-0.210496
-0.035621
-0.021343
0.023275
-0.036312
-0.035198
-0.008999
0.000911
-0.026816
-0.061903
-0.006341
-0.038802
-0.011916
-0.016462
-0.124089
-0.034732
0.005647
0.071786
-0.022675
0.005070
-0.004579
-0.155451
0.010652
0.021490
0.016161
-0.143176
-0.056009
-0.023170
-0.156382
-0.056323
0.021520
-0.182727
-0.004784
-0.006769
-0.090869
0.069162
0.024328
0.039844
0.174692
-0.033039
-0.093667
-0.002115
0.027066
-0.039427
-0.057861
-0.033063
-0.005383
-0.117300
-0.224669
-0.019434
-0.025121
-0.168845
0.024145
0.043014
0.092117
-0.028425
0.038955
-0.079153
0.092948
-0.031032
-0.114264
-0.126093
-0.030862
-0.006419
0.047183
-0.006350
-0.047353
0.036593
0.018111
-0.038294
0.025073
0.008176
-0.040228
-0.004690
0.035696
-0.054042
0.029694
-0.006814
-0.092433
-0.006338
0.007335
0.120711
-0.056913
0.003195
0.028224
-0.117822
0.014965
-0.032630
0.127816
-0.026388
0.037489
-0.124473
-0.061623
-0.062429
0.001120
-0.155759
-0.024237
-0.066817
0.074464
0.168775
0.128662
-0.007232
0.025637
-0.069758
-0.091360
-0.027760
-0.156821
-0.355420
0.103575
0.025645
0.120160
0.105472
-0.082983
0.005887
-0.128096
0.092813
-0.011211
-0.064201
-0.041786
-0.009870
-0.058172
-0.113890
0.210685
0.138682
-0.009272
0.026224
-0.009424
0.012665
0.040057
-0.010244
0.162970
0.051733
-0.023069
0.000422
0.049645
-0.044658
-0.055653
-0.019351
0.037298
-0.411839
0.252125
-0.023901
0.078382
0.024723
0.027735
0.036646
-0.054646
0.074507
0.005266
-0.006448
-0.089520
0.118330
0.166813
0.074887
0.045620
-0.023813
-0.021383
0.027789
0.032667
-0.029335
-0.067107
-0.013696
-0.085961
-0.002926
-0.095623
0.017033
0.044339
-0.045178
0.046713
0.007070
0.001796
0.078692
-0.008856
0.027835
0.032476
0.037083
-0.046994
0.022819
-0.110139
0.006375
0.048607
-0.037763
-0.023005
-0.018461
-0.070121
-0.047823
-0.036650
-0.024062
-0.057583
-0.046519
0.108857
-0.009576
0.052082
-0.057200
0.047383
0.076069
-0.050878
-0.003910
0.039325
0.058277
0.015743
-0.021042
-0.008949
-0.135405
0.020285
-0.035221
-0.210773
-0.089840
0.035761
-0.049586
0.096588
0.027671
-0.024065
-0.056474
-0.043277
0.104091
-0.061845
-0.007763
0.173924
0.000248
0.067940
-0.098147
-0.018666
-0.115194
0.010502
0.025040
-0.051575
0.086595
0.000869
-0.104578
-0.000509
-0.117867
-0.300634
0.028484
0.048364
0.031771
0.037322
-0.103249
0.202451
-0.160831
-0.046793
0.013726
-0.074623
-0.006359
-0.016268
0.011228
0.031960
0.008885
-0.012016
-0.162196
0.185934
0.025208
0.024233
0.025857
-0.027467
-0.029414
-0.070205
0.057689
0.036624
0.073831
0.017434
-0.009457
0.039646
0.002846
0.011690
0.006159
-0.026948
-0.012641
-0.022560
-0.036128
0.007371
-0.017221
-0.003484
0.121102
-0.054885
-0.021002
-0.183982
0.032292
-0.161792
0.002800
-0.070601
-0.036541
0.032982
0.033619
0.048850
-0.003585
-0.035361
-0.035679
-0.014256
-0.051245
0.009706
0.064417
0.013523
-0.053614
0.000565
-0.012524
0.027915
0.083436
0.032346
0.013793
0.014772
0.020105
-0.217342
-0.001345
0.079333
0.015566
-0.001582
0.043423
-0.024600
0.020913
0.002541
0.053134
-0.044866
-0.032498
0.083946
0.083122
0.017046
-0.028247
-0.027654
-0.077188
-0.013905
-0.013000
-0.030680
0.127399
-0.232613
-0.074332
-0.002750
0.031124
0.320850
-0.027980
0.009151
-0.099187
0.087288
0.047397
-0.024859
0.008946
-0.353083
0.009453
-0.025970
-0.090750
0.021801
0.008582
0.037319
-0.017551
-0.027679
0.057216
0.016502
0.033015
0.043716
0.005393
-0.032216
-0.054733
-0.004179
0.052479
0.008430
0.049171
-0.004320
0.009122
-0.011093
-0.008923
0.029788
0.167856
0.041531
-0.006355
0.036852
-0.022716
0.064350
0.100977
-0.002973
0.063734
-0.079522
-0.004202
-0.013553
0.011724
-0.023586
0.013616
-0.048585
-0.095354
0.063053
0.056528
-0.005163
0.011739
-0.069473
-0.011875
-0.022811
0.048987
0.011694
0.087434
-0.050316
-0.263491
-0.015927
0.038371
-0.013684
-0.003502
-0.188660
0.039439
0.039961
0.173008
-0.015954
0.000580
-0.378111
0.033798
-0.034249
-0.035475
-0.002787
-0.017913
0.014615
-0.051694
-0.046563
0.019968
0.041633
0.086560
-0.011662
-0.036539
0.012452
-0.138704
0.002632
-0.052706
-0.050385
0.076827
-0.028367
0.109573
-0.218423
-0.118044
-0.055124
-0.038337
-0.029600
-0.074906
0.010628
0.043515
-0.064807
0.083320
-0.002564
-0.032506
0.022436
0.058129
-0.000293
0.002250
0.073326
0.062945
0.084910
-0.033682
0.128257
-0.116296
-0.051844
-0.017672
-0.019451
0.015107
-0.001759
-0.001618
0.022974
0.004217
-0.043069
-0.043378
0.033232
-0.202461
-0.047714
-0.028691
0.031231
-0.011325
-0.157542
-0.031252
0.095083
-0.141259
0.045497
0.084297
-0.106822
-0.022620
0.007106
-0.010896
-0.013453
0.109149
-0.246697
0.117705
0.044792
-0.081939
-0.030543
-0.057569
0.058365
0.153208
0.003919
0.023189
-0.020207
-0.013252
-0.044314
-0.008093
0.049333
-0.077798
-0.038634
0.058875
-0.033019
0.207609
-0.024244
0.017112
-0.019760
-0.069118
-0.095627
0.016015
-0.016822
-0.041179
0.156401
0.055626
-0.075889
0.000848
-0.024808
-0.132519
-0.035658
-0.079073
-0.031054
-0.001055
-0.068134
-0.108949
-0.031002
-0.045203
-0.009076
0.086877
-0.041982
0.002948
0.033013
-0.026402
-0.007326
-0.039018
-0.056743
-0.059143
0.056803
-0.032182
0.000805
0.004637
0.002190
0.005656
0.304740
0.048686
0.008905
0.003226
-0.028728
-0.017767
-0.003817
-0.003928
-0.089203
-0.037203
-0.028130
0.030960
-0.046275
-0.080723
-0.036347
0.035505
-0.047193
-0.066807
-0.031183
0.092601
0.056153
0.026706
0.019212
-0.014681
-0.036712
-0.044018
-0.045167
-0.007177
-0.183743
0.001230
-0.116154
-0.028913
0.019999
-0.071849
-0.021801
-0.046000
-0.023319
-0.003095
0.041165
-0.037797
0.059557
-0.027172
-0.241854
0.001941
-0.075773
-0.026651
-0.128129
-0.040257
0.022156
-0.030438
0.011456
-0.055436
0.004246
-0.002198
-0.079330
0.023393
0.012800
0.021730
-0.046325
0.010423
0.038302
-0.152065
-0.004381
0.059799
0.040785
0.014175
-0.058430
0.072809
-0.008965
-0.022129
-0.011892
0.028866
-0.008614
0.035341
0.050902
-0.040127
-0.001872
-0.015495
-0.025989
0.014851
0.008472
0.010083
0.033257
0.001009
-0.026561
-0.004796
-0.023965
-0.003226
-0.006226
0.057879
-0.036633
0.099480
0.062114
0.028539
0.090820
-0.038225
-0.083235
0.055142
-0.061110
-0.072475
-0.060921
-0.076374
0.022558
0.181954
0.033768
-0.025827
-0.025958
0.065970
0.058943
0.034889
-0.022411
0.016660
-0.031730
-0.089544
-0.008291
-0.067076
-0.047259
-0.076588
0.037790
-0.105166
0.104629
0.024238
-0.081781
0.057982
0.009009
0.022294
0.012812
-0.099296
0.028340
-0.006056
-0.012747
0.025607
0.000722
0.012337
-0.011991
-0.098212
0.028382
0.036630
-0.024176
0.019388
-0.024784
0.056746
0.093098
0.032645
0.004263
-0.018445
0.058589
-0.022974
-0.046679
-0.024396
-0.023326
-0.018562
-0.023008
-0.005425
-0.044546
-0.044439
0.012687
-0.022492
0.041879
-0.084654
0.017202
-0.047704
-0.100678
-0.006545
-0.009394
0.090463
0.041450
0.152250
-0.078633
-0.037436
-0.016682
-0.091092
0.082838
-0.030135
-0.024941
0.016535
-0.016835
-0.035658
0.022134
-0.005187
-0.039300
-0.002045
0.063467
0.029796
0.085492
-0.078445
-0.059970
0.015733
-0.044621
0.140046
-0.057083
-0.014020
-0.042568
0.064600
0.014655
0.073346
0.112496
-0.012319
-0.015841
-0.118947
0.025058
-0.043246
0.008772
-0.093959
-0.080336
0.032591
-0.024317
0.057980
0.043453
-0.105787
0.019317
-0.047072
0.100109
0.001547
-0.005623
0.000988
0.009224
-0.040902
-0.031284
0.012017
0.000511
-0.031997
-0.038170
0.062541
-0.042125
-0.093101
0.004036
0.095611
-0.047471
0.037549
0.016180
0.138963
-0.013934
0.038181
0.044907
0.037234
-0.012677
-0.074317
0.009515
-0.063547
-0.031299
-0.074684
-0.019343
-0.017789
-0.035252
0.007302
-0.002891
0.138221
0.042501
0.002441
0.081078
0.041695
-0.008225
0.130425
-0.031823
-0.038766
-0.085856
0.006578
0.044928
-0.016603
0.047273
0.003211
-0.049049
0.024648
0.010331
-0.050651
0.039288
-0.029334
-0.066118
-0.019428
-0.021485
0.075174
-0.037167
-0.031866
-0.013026
-0.010059
0.032648
-0.030905
0.024429
-0.002547
-0.000426
0.014221
0.014023
-0.081274
-0.035963
-0.037377
-0.092985
0.064133
-0.004795
0.016451
-0.006715
-0.095477
-0.088329
-0.029958
-0.093437
0.002049
0.044588
0.081416
-0.108968
0.160326
-0.163691
0.003918
0.084498
0.009642
0.011973
0.061773
-0.002336
0.005353
0.005085
-0.016906
0.021319
-0.068285
-0.092135
0.000216
0.072197
-0.001378
0.044673
-0.146692
0.051040
0.053373
-0.009928
-0.040765
-0.127316
0.102235
-0.031639
-0.005335
0.034068
0.059919
0.050636
0.026999
-0.058318
0.047440
0.023905
0.127269
-0.017104
-0.011524
-0.057583
-0.014487
0.095012
0.027932
0.047758
-0.002264
-0.030937
0.092546
0.068615
0.078085
0.087924
0.011598
0.370698
-0.000678
0.017229
-0.007188
-0.063944
-0.031948
-0.011056
0.054257
-0.094302
0.073696
0.012882
0.006909
-0.011846
0.048470
0.016826
-0.007076
-0.067062
-0.040580
0.103497
0.069872
0.010572
-0.092421
0.100764
0.059407
0.003392
0.009165
-0.587997
-0.019121
0.069360
0.003658
-0.019019
0.014108
-0.014795
0.037901
0.100286
0.138170
0.105365
0.090818
0.020080
0.085893
0.085013
0.058718
-0.015516
0.065683
0.020459
-0.013643
0.049526
0.027358
0.047700
0.108232
0.018274
0.053471
-0.010708
-0.022872
0.007062
0.082191
-0.033758
-0.025430
0.046081
0.044174
0.049247
0.065212
-0.044316
0.008962
0.020878
-0.004095
0.063366
-0.013613
0.028815
-0.040886
-0.032757
0.053386
-0.039837
0.100433
0.020294
0.064831
-0.012636
0.065501
0.010683
0.061683
-0.002582
0.006884
0.062036
-0.016873
0.022300
-0.068350
0.028868
0.193362
-0.208584
0.085715
0.106043
-0.020158
-0.040159
0.043373
0.062288
-0.376772
-0.038237
-0.005772
0.001863
0.134838
0.033211
-0.063430
0.040551
0.011432
0.021119
0.053700
0.023054
0.026518
-0.096819
-0.009960
-0.012276
0.100212
-0.029826
0.100566
0.033922
-0.030546
0.021448
-0.088996
-0.007360
-0.168195
-0.063410
0.048673
0.009797
0.015877
0.002201
-0.021552
0.014489
0.014613
0.047007
0.072547
0.065964
0.118142
0.020078
0.016151
-0.006653
0.048031
-0.080575
-0.054254
-0.042322
-0.000048
0.017168
0.065370
0.174241
-0.092434
0.057442
-0.005303
-0.147259
0.061022
-0.008358
-0.047096
0.023699
0.025619
-0.005610
-0.039234
0.049323
-0.090048
0.046156
-0.043300
-0.047198
0.016227
0.032705
0.066919
0.014769
-0.047362
-0.070960
-0.058733
-0.018424
-0.019724
0.025135
-0.059091
-0.093659
0.012510
-0.043913
0.005272
-0.019591
-0.058503
0.040057
0.006140
0.099520
0.031489
-0.106532
-0.074124
-0.013736
-0.085331
0.032206
0.034246
0.051339
0.015351
0.013993
0.047846
-0.046806
0.062722
-0.059705
-0.004413
-0.049661
0.003201
0.028029
-0.134349
-0.057068
0.013132
-0.057745
0.047782
-0.000464
-0.045433
0.052782
0.054617
0.004296
-0.105153
0.021024
0.005199
0.101849
0.027832
-0.006208
-0.019774
-0.009610
-0.041156
0.009516
-0.018875
-0.063333
-0.004830
-0.017511
0.004856
-0.096473
0.013944
0.075678
0.011033
0.018111
0.010305
-0.047568
-0.064840
-0.061713
0.102928
-0.033651
-0.023284
-0.048794
0.076849
0.033995
-0.118525
-0.063176
0.052484
-0.096578
0.010766
-0.006379
0.028692
0.053816
-0.108267
0.398485
-0.058157
0.183080
-0.035621
0.001178
0.003588
-0.103300
-0.125509
-0.025375
0.060112
0.064441
0.020285
-0.131497
0.001028
-0.014730
0.038701
-0.023262
-0.021740
-0.124098
0.008449
0.007022
-0.106504
-0.026392
0.156141
-0.014949
-0.035946
-0.014281
-0.003237
0.101601
0.210353
0.095071
0.035609
0.024224
0.013294
0.002392
-0.025777
0.011692
0.085152
-0.012065
0.057026
0.114065
0.003913
0.072479
0.047970
-0.056638
0.043617
-0.104556
0.074489
0.062093
0.216765
0.027795
-0.123891
0.231432
0.041437
0.020255
0.110257
0.021169
-0.072981
-0.077982
0.128935
-0.039808
0.076803
-0.023908
-0.010629
-0.023597
0.030273
0.035347
-0.015357
0.051594
0.038448
-0.049823
0.164996
0.123187
-0.077169
-0.046676
-0.051506
-0.067645
0.081965
-0.083507
-0.133280
-0.086258
0.110446
-0.072012
0.162713
0.003774
-0.067356
-0.026829
-0.000219
0.047133
-0.039111
-0.028957
-0.067269
0.010610
-0.010389
0.023123
0.003436
-0.002591
0.010338
-0.020404
-0.018875
0.072854
-0.005019
0.009328
-0.050711
-0.011162
0.001233
-0.069999
0.042531
-0.057356
-0.045313
0.158734
0.045488
0.013525
0.047748
-0.010959
-0.069213
-0.048732
0.139106
0.044821
-0.007283
0.033350
-0.240137
0.056336
0.045194
-0.000475
0.072236
0.005555
-0.079335
-0.012703
-0.109070
-0.025889
-0.001236
0.064113
0.056810
0.033769
0.005655
-0.019049
0.011419
0.145832
-0.138962
0.080645
-0.016735
-0.025136
0.054943
-0.070007
0.073646
-0.041946
0.016954
0.002910
-0.264956
0.071542
0.099106
0.061913
-0.055526
0.027987
0.050028
-0.015207
0.117267
-0.041985
0.001748
0.036300
-0.011209
-0.029038
0.051816
-0.005803
-0.039917
0.025529
0.012732
0.064433
0.034044
-0.003369
0.009074
0.032204
-0.043992
-0.059595
-0.032019
-0.134535
-0.014157
-0.088268
-0.022016
-0.060091
0.020293
0.041862
-0.024135
0.031755
0.062796
-0.035881
-0.102813
-0.023912
-0.030630
0.012581
-0.048218
0.046956
-0.000924
-0.045300
-0.013193
0.045998
-0.071914
0.023356
0.044505
-0.060079
0.083941
-0.117605
-0.036902
0.017628
0.021986
0.011502
0.038425
-0.033358
-0.021208
-0.063184
0.010209
0.010102
-0.054930
0.031516
0.106486
-0.005666
-0.000930
-0.084722
0.043396
0.024375
0.056317
-0.035572
-0.137056
0.059849
0.051308
0.279374
0.108624
0.177448
-0.085248
0.068991
0.031131
0.030532
0.018376
0.002567
0.017467
-0.097452
0.062666
-0.017212
-0.161024
-0.104232
0.086638
0.117265
0.102179
-0.056131
-0.000789
0.061201
-0.069274
0.088641
0.027127
0.011524
-0.069666
-0.087176
0.061021
-0.034838
-0.034554
0.007191
-0.013401
-0.104252
0.024471
0.069547
0.030189
0.030634
0.042555
-0.072463
0.035495
-0.170853
-0.052061
0.105709
-0.024636
0.034700
0.007796
-0.032802
0.007671
-0.073106
0.044077
0.034367
-0.093815
0.022677
0.008067
0.016521
-0.041310
-0.030887
0.077102
0.008287
0.052201
0.044859
-0.015409
-0.081887
-0.137166
0.127530
-0.035286
0.109852
-0.037161
0.120277
-0.041445
0.020779
0.165459
-0.044777
0.022838
-0.340046
0.043561
0.015656
-0.053540
-0.010209
0.027132
0.144343
-0.063607
-0.058900
0.067655
0.009757
0.030554
0.006465
-0.008791
0.030004
-0.121276
-0.029996
-0.017364
-0.063661
0.014840
-0.037909
-0.007147
-0.088734
-0.060543
-0.010806
0.041783
-0.017183
-0.061227
-0.056965
0.071006
-0.021776
0.009623
-0.090454
0.021411
-0.005265
-0.013989
-0.070755
-0.002725
-0.000257
0.028797
0.066799
-0.084361
0.014837
0.024900
0.037246
-0.071940
0.075786
0.064333
0.073134
0.075817
-0.001045
0.008664
0.017989
-0.008244
0.001752
-0.020474
-0.073943
-0.001281
-0.005723
0.110276
0.051404
0.014752
-0.004344
-0.140866
0.020789
-0.043752
-0.031151
0.005061
-0.026857
0.117483
-0.048844
0.001911
-0.030857
0.061683
0.054180
0.175434
-0.012783
-0.033426
-0.009433
0.117194
0.029524
-0.054018
-0.048810
-0.097599
-0.018605
0.013508
-0.022599
-0.045603
0.049591
0.015772
-0.007016
0.184548
-0.081242
-0.026971
-0.048987
-0.013140
0.043125
0.002646
0.031006
0.155391
-0.068575
-0.141137
-0.127475
0.210904
-0.061868
-0.096698
0.028895
0.154217
0.045463
-0.050001
0.011640
-0.028362
0.059648
0.034147
-0.010531
0.006021
-0.024869
-0.026108
0.024646
-0.133047
0.121143
-0.140647
0.015227
0.024339
0.001193
0.050104
0.036393
0.009763
0.009287
-0.036707
0.206890
0.054225
-0.034169
-0.005400
-0.021826
0.087352
-0.037522
0.041394
-0.107577
-0.001358
0.007783
0.094816
0.018926
-0.063733
0.087845
0.035350
-0.020288
-0.034395
-0.022234
0.017561
0.004346
0.085706
-0.071351
-0.014915
-0.004690
-0.047213
-0.079132
-0.020692
0.077435
0.015025
0.084932
-0.049487
-0.148482
0.048914
-0.007231
-0.078980
0.072573
-0.045751
-0.005361
-0.132344
0.029638
0.006458
-0.166805
-0.002157
-0.025244
-0.044615
-0.219482
-0.072052
-0.042848
0.006477
-0.013241
-0.008392
-0.002240
-0.013665
-0.022007
-0.022585
-0.002013
0.041882
0.052275
-0.031619
-0.070057
-0.018062
-0.023642
0.012344
0.000727
-0.000613
-0.060828
0.076412
-0.017889
-0.001179
-0.049962
-0.008495
0.022192
-0.082664
0.040813
-0.092386
0.039363
-0.052323
0.133759
0.144074
-0.028811
-0.026416
-0.055313
-0.058480
0.067514
-0.052233
0.046261
0.016770
0.070671
0.015758
0.046683
-0.015914
-0.063490
-0.043395
0.019131
0.030964
0.002474
-0.199568
0.041050
-0.010489
0.021051
-0.022399
-0.026460
-0.025538
-0.058268
-0.053352
-0.051567
-0.040654
0.110238
-0.039130
-0.027897
-0.055970
0.007389
-0.001771
-0.040933
-0.041723
0.012876
-0.059121
0.005670
-0.048907
-0.053744
0.015616
-0.088622
0.055811
-0.016410
0.049521
-0.049887
-0.171640
0.072030
0.025596
-0.003327
0.007517
-0.016540
-0.074452
-0.037865
-0.173945
-0.071797
-0.049133
0.008791
0.024429
0.121123
0.006773
-0.204207
0.064709
-0.027669
-0.025501
-0.059846
-0.042952
-0.088303
-0.056377
0.044229
-0.000148
0.001026
-0.024978
-0.074187
-0.095249
0.011968
-0.013252
0.045610
-0.018109
-0.030705
-0.006384
-0.009579
0.023199
-0.072769
0.028163
0.029748
0.002610
0.064433
0.005873
-0.016002
0.152760
0.063439
0.091460
-0.074378
0.128278
-0.186816
0.003457
0.060900
-0.007937
-0.014202
0.060098
-0.021259
-0.086364
-0.005504
-0.058992
-0.081932
-0.004557
0.091317
0.169340
0.012633
-0.011888
-0.007911
-0.062089
-0.129822
-0.068682
-0.047594
-0.007142
-0.050458
0.003961
0.036825
-0.024518
0.064180
-0.111865
-0.043842
-0.126670
0.170903
-0.014089
-0.025878
0.019395
-0.062476
-0.045460
-0.016925
0.019731
0.023891
-0.022119
0.017924
-0.104512
-0.100538
-0.097374
0.023480
-0.021945
0.021634
0.002940
-0.013571
0.102608
-0.059877
0.047098
0.009977
0.033541
-0.057672
-0.104511
0.009260
0.056958
-0.064564
-0.092175
0.015768
-0.024513
-0.012377
-0.070184
-0.024615
-0.014811
-0.012147
0.037946
0.021656
-0.053923
-0.002838
0.118878
-0.050285
-0.074438
0.096607
-0.038318
0.004998
-0.085411
-0.005408
-0.114701
-0.081325
-0.047022
0.047485
-0.023580
-0.086362
0.059303
-0.033202
-0.008208
-0.085421
-0.017434
0.085538
-0.075699
-0.037838
-0.150921
0.008760
0.001747
-0.053590
0.049755
-0.005133
0.076768
-0.023189
0.041403
-0.063398
-0.024248
-0.036524
-0.019764
0.040231
0.033459
-0.113930
-0.035375
0.014205
-0.069834
-0.038020
0.004095
0.041059
-0.145226
0.098061
-0.181433
0.023100
-0.052602
-0.048679
-0.010623
-0.091372
-0.204353
-0.183588
-0.091811
0.046415
-0.201211
-0.022598
-0.012159
0.046803
-0.043811
0.018548
-0.119092
-0.027509
0.017649
0.044969
0.013225
-0.033134
-0.046127
-0.230182
-0.107254
-0.066838
0.080042
0.030497
0.036329
0.034692
-0.036600
0.043954
0.055093
0.084010
0.022393
0.012667
-0.050784
0.095729
-0.045657
-0.074771
-0.051232
-0.041342
0.109749
-0.019124
0.063126
0.018927
0.030562
-0.072510
-0.020151
-0.000396
-0.158029
-0.001239
-0.114328
-0.022555
0.106313
-0.159279
0.039676
-0.008532
-0.030489
-0.047698
-0.000944
0.073033
-0.033564
0.013826
-0.044667
0.043067
0.013245
0.041844
0.001561
0.020841
-0.004412
-0.079663
-0.141332
0.001186
0.080372
0.009493
0.182808
0.103478
-0.029890
-0.049983
-0.108523
0.109412
0.030129
-0.152016
0.038652
-0.011210
-0.179678
-0.005219
0.038035
-0.111411
0.004885
0.006709
0.076294
0.007702
-0.003470
-0.339416
-0.110554
0.057521
0.011089
-0.004589
0.072123
0.036050
-0.028045
0.005916
-0.066598
-0.069249
-0.021547
0.004549
0.069507
0.052374
-0.035992
0.030778
-0.028966
0.011162
-0.135097
-0.059017
-0.052107
0.070214
0.019889
-0.145147
-0.016160
-0.002344
0.072424
-0.009939
0.028747
0.012332
0.005416
-0.052570
0.001555
0.018532
-0.032169
0.029540
0.015060
0.013379
-0.049959
-0.027817
-0.028981
-0.026898
0.005121
-0.023319
-0.046523
-0.225518
0.305652
0.195951
-0.014521
-0.160864
-0.005213
0.011197
-0.033234
0.004076
0.344175
0.020576
-0.007801
-0.002952
-0.022132
-0.012766
0.025042
0.054267
0.016213
0.081743
0.022826
-0.014290
0.024441
-0.049387
-0.032963
0.032095
0.040868
0.005113
0.002749
-0.021401
0.010670
0.008875
0.023924
0.062940
-0.112321
0.010123
-0.033567
0.074136
-0.017716
0.050824
0.005680
0.022620
0.040596
-0.089086
0.019645
-0.082581
-0.042288
0.115462
0.030221
0.029911
-0.058845
-0.020259
-0.007721
0.043037
0.093067
-0.060072
-0.039667
0.069201
-0.014272
-0.033734
-0.087064
-0.191430
-0.085173
0.000011
-0.000457
-0.050397
-0.001772
0.002027
-0.023853
-0.014841
-0.020159
-0.012998
-0.027686
0.007523
-0.041482
-0.099869
-0.073689
0.009191
0.009346
-0.065070
0.002991
-0.027115
-0.148992
0.012206
0.063949
-0.003418
-0.040713
-0.060835
0.023484
0.017486
0.096279
0.047330
0.035236
-0.567491
-0.010777
0.010473
0.048319
0.049575
-0.211408
0.044630
-0.038808
0.006486
0.022256
0.005742
0.064067
0.026448
0.166617
-0.049567
-0.003163
0.102059
0.061136
-0.218426
0.071713
-0.036700
-0.081245
-0.061957
0.032791
0.039857
0.097869
0.057775
0.070124
-0.032062
0.277905
0.056751
-0.048322
0.048674
0.094334
-0.009044
0.051627
0.006237
-0.008072
0.028156
0.001718
0.024742
-0.013060
0.080220
-0.017783
-0.055979
0.035198
-0.153509
-0.064499
0.013229
0.001911
-0.088377
-0.015179
-0.066264
-0.039899
-0.042335
-0.015348
-0.031742
-0.043245
0.007145
-0.080644
0.060861
-0.042986
0.288960
0.016918
-0.028596
-0.088074
-0.022540
0.123577
-0.311195
-0.181624
-0.211152
-0.019721
-0.076251
-0.082785
0.184612
0.068524
-0.002716
0.011513
-0.102235
-0.053287
0.024633
0.062075
-0.178371
0.002685
0.081496
0.098295
0.009681
0.302135
-0.034570
0.106813
0.003912
0.121391
0.026483
-0.006527
-0.069694
0.049572
0.023991
-0.177985
0.033189
-0.060212
0.048838
-0.017894
0.138059
-0.031170
0.010529
-0.005741
0.018856
-0.235443
0.209533
-0.058621
-0.170332
0.006965
-0.013708
0.010692
0.014293
0.053644
-0.012596
-0.034138
0.066292
-0.045005
0.161060
0.002177
0.040419
0.004872
-0.023696
0.023050
0.120625
0.027614
0.006517
-0.045574
0.004836
0.074189
-0.165173
0.003151
0.015253
-0.062213
-0.018743
-0.069521
-0.088791
0.032247
0.016654
-0.057834
-0.030312
0.084917
0.083632
0.007225
0.008307
-0.058671
0.072309
-0.265033
0.025597
0.004143
0.003722
0.012369
0.111062
0.053814
-0.035346
-0.023874
-0.219817
0.115837
-0.013285
-0.010382
-0.056478
-0.040151
-0.011513
-0.017251
0.087958
-0.178224
-0.021935
-0.002425
-0.001952
-0.062507
-0.185655
-0.011488
0.037634
0.182921
-0.006083
0.073552
-0.017064
-0.100684
-0.042909
0.037547
0.053413
0.095240
-0.187625
0.057271
0.090821
-0.035800
0.034101
-0.141809
-0.030874
-0.092755
-0.078521
-0.019745
0.027194
0.043446
0.047415
-0.102668
0.062862
0.048298
-0.268700
-0.026220
-0.028384
0.001177
0.078431
0.235661
-0.275664
-0.138369
-0.024955
-0.032659
-0.120248
-0.084758
0.020086
-0.089988
0.005069
0.063883
-0.009342
0.096951
-0.030600
-0.047458
0.001049
-0.050958
-0.138431
-0.067513
-0.106116
0.014380
0.040290
-0.014904
0.007271
0.002435
0.078283
-0.006307
-0.056019
0.061690
0.035027
-0.005466
0.073099
-0.003248
-0.055988
-0.045098
-0.026306
0.025587
0.020641
0.012652
-0.082725
-0.036691
-0.089579
0.057182
-0.054040
-0.005814
0.010254
0.022722
0.050921
-0.012252
0.006637
0.175215
-0.002967
0.106296
-0.050233
0.085473
0.080492
0.040688
0.058072
-0.016024
-0.003899
0.340906
-0.015263
-0.048790
-0.004179
-0.039767
0.148801
0.031066
-0.025240
-0.052380
0.018636
-0.004515
0.084975
-0.019325
0.024510
0.016390
0.027164
0.001994
0.000929
0.024233
-0.012052
0.052622
-0.066816
-0.186585
0.052895
0.050058
-0.039767
0.396132
-0.309428
-0.074997
-0.499888
-0.131811
-0.362044
0.024901
-0.126150
-0.034097
-0.041078
-0.112374
0.017276
0.003885
-0.087186
0.043637
-0.009184
0.049122
0.066281
0.010948
-0.344348
-0.050504
0.036815
0.045120
0.016033
0.034267
-0.015188
-0.025559
0.003667
-0.038912
-0.025552
-0.034062
0.046514
0.052722
0.065638
-0.021580
0.039702
-0.007733
0.049678
0.015426
-0.030460
0.039679
0.019096
0.049543
-0.007299
-0.013489
-0.036630
0.090226
-0.059448
-0.007341
0.030186
-0.022944
-0.006990
0.084313
0.009017
0.083114
0.023204
-0.004883
-0.004432
0.037814
-0.016560
0.036393
-0.077113
0.010782
0.018834
-0.082952
0.049498
-0.175492
0.232686
0.084712
-0.019316
-0.028679
-0.245169
-0.014142
-0.005305
-0.277861
0.047099
0.037058
0.194559
0.034203
-0.039554
-0.072066
0.011591
-0.029198
0.128822
0.131200
0.037796
-0.021764
-0.044073
-0.015085
0.034209
0.033122
-0.030042
0.036333
-0.217794
0.003220
-0.019604
-0.045393
0.031637
-0.105855
0.026130
0.004454
0.019260
-0.008691
0.038286
-0.023198
0.158759
0.081596
0.023073
0.024646
-0.113377
0.029347
-0.117315
-0.237379
0.042321
0.018599
-0.071281
-0.039293
0.048047
-0.054318
-0.046704
0.083074
-0.011359
0.090217
0.014745
-0.013301
-0.003463
-0.003636
0.068415
0.017211
0.011226
0.000290
0.036702
0.074506
0.015896
-0.057018
0.086991
-0.003280
-0.053990
0.028468
-0.104342
-0.022677
-0.028112
-0.041360
-0.007178
0.032404
0.011690
-0.029649
-0.015987
0.054068
-0.036251
0.030903
0.037292
-0.272805
-0.080530
-0.017127
-0.064990
-0.284577
0.026234
0.037288
-0.018225
0.122708
0.100793
0.142443
0.024310
-0.066445
-0.041695
-0.046065
-0.021507
-0.119728
0.084494
0.008932
0.053011
-0.123542
-0.128472
0.036730
-0.056355
0.031243
0.096261
0.247057
0.027301
-0.288553
0.069442
0.125572
-0.103599
-0.096857
0.006544
-0.021451
0.072725
-0.164505
0.068743
0.280413
-0.008651
0.039914
0.069339
-0.039173
0.117842
0.258300
0.069851
0.050566
-0.037451
0.072970
0.212044
-0.034685
-0.053686
-0.087095
0.018409
0.098936
0.128635
0.013149
-0.011743
0.039638
-0.082495
-0.121054
0.158640
-0.100173
-0.254691
-0.055619
0.043112
0.060026
-0.033049
0.013662
0.052497
-0.051839
-0.029402
0.040044
-0.048641
0.180372
-0.023709
0.029892
-0.101111
-0.024730
-0.026795
-0.022160
-0.009560
0.101505
0.083038
0.046631
0.088901
-0.172482
-0.028643
0.175389
0.095817
0.052823
0.097619
-0.109834
0.069156
0.013497
-0.095049
-0.010840
-0.284798
-0.034762
0.095943
0.016571
-0.229821
-0.108647
-0.165969
-0.022458
-0.033127
-0.029861
-0.027613
0.093984
0.014940
-0.105694
-0.071868
-0.101078
-0.011160
0.056407
0.008493
0.042509
0.051079
-0.067361
-0.021676
-0.023073
0.123710
0.097098
0.104500
0.095892
0.015213
0.041348
-0.005894
-0.079189
-0.035972
-0.048882
-0.015119
0.017851
-0.092920
0.202617
-0.005677
0.023519
-0.025216
0.024951
0.056830
-0.020119
-0.047189
-0.020701
-0.045343
0.216619
-0.001308
-0.007492
-0.160711
-0.101793
0.018067
0.041519
-0.014823
-0.299909
0.111073
-0.056414
0.085819
0.017550
-0.020991
-0.075692
-0.029605
-0.035979
-0.030261
-0.035684
-0.108249
0.131203
-0.001671
0.010254
-0.001214
0.044282
-0.052407
-0.094351
-0.048266
-0.052099
-0.062318
-0.055131
-0.094383
-0.040391
-0.142528
-0.033759
-0.065020
0.027007
-0.115904
-0.059040
0.108389
-0.074079
-0.053142
-0.015903
0.049568
-0.054650
-0.150993
-0.001753
-0.009357
-0.029291
0.062662
-0.094582
0.026711
-0.101263
-0.127235
0.148250
-0.037404
0.105069
-0.003802
-0.004311
-0.028609
-0.007135
-0.067557
-0.042524
-0.071681
0.104705
-0.041846
-0.063750
-0.020531
-0.132156
-0.028076
-0.004351
0.041641
-0.116348
0.026569
0.053521
0.147082
0.043635
0.007908
-0.032095
0.048214
0.144713
-0.072098
-0.079671
-0.237315
0.124630
-0.091000
0.154117
-0.019169
0.005917
0.025911
-0.068101
-0.047521
0.087913
-0.116722
-0.081602
-0.072422
-0.001739
-0.069402
-0.064045
-0.041196
-0.140826
-0.091215
-0.032079
-0.032996
-0.096291
-0.137949
-0.101944
-0.097241
0.067450
-0.108805
-0.008439
-0.004975
-0.112299
0.008517
-0.048029
-0.021622
-0.078701
-0.025126
-0.014174
-0.067729
0.079725
-0.022234
0.040029
-0.052187
0.021363
-0.062867
-0.052295
-0.044713
-0.138770
-0.099085
0.028581
0.046631
-0.052630
0.032718
-0.006200
0.012284
0.301848
0.008363
0.074896
0.038575
0.004120
-0.025021
-0.047785
0.195389
0.116376
0.014330
0.000458
0.020935
0.078784
-0.003342
0.009540
0.038921
0.073413
-0.012725
-0.003396
-0.051254
0.028224
0.023175
0.107749
-0.039398
-0.115568
0.122863
-0.047490
-0.006369
-0.257900
-0.015907
-0.129446
-0.153010
-0.046230
-0.088488
-0.008377
0.008889
0.127846
-0.064336
-0.228231
-0.080721
0.065496
-0.183013
-0.054859
-0.060125
0.105066
0.064417
-0.178175
0.074995
0.032218
0.060294
0.410814
-0.150947
0.086858
-0.109996
0.012559
-0.045178
-0.151062
0.061059
-0.110379
-0.046936
0.015822
0.090236
-0.176810
0.106449
0.043825
0.060240
0.085541
0.077814
-0.377316
-0.201227
0.015839
-0.064329
-0.206415
-0.362658
-0.021950
0.567147
0.005553
0.022456
-0.458957
-0.268328
-0.122174
-0.009338
0.029654
-0.015819
-0.019085
-0.063850
0.091350
0.045474
0.042055
-0.035653
-0.003956
0.127476
0.040915
0.021947
-0.207160
-0.067122
0.051728
0.343798
-0.330532
0.381114
-0.015313
0.102476
-0.079346
-0.160821
-0.092422
-0.019821
-0.107710
-0.013478
-0.103881
-0.010903
-0.107407
0.066240
0.087947
-0.131882
0.019376
-0.032701
0.055610
0.096572
-0.253433
-0.070769
-0.162834
0.105099
-0.150091
-0.125431
0.050991
-0.052081
-0.067755
0.044287
0.048187
0.048961
-0.020194
0.129558
-0.101994
-0.060138
0.071102
-0.027627
-0.118277
-0.001335
-0.036324
0.358442
-0.004508
-0.088907
-0.212083
-0.105421
-0.380271
0.322717
0.251404
0.122223
0.128229
0.600407
-0.014109
0.190289
0.036032
0.035711
0.242260
-0.085764
0.096451
0.071186
-0.445812
-0.046930
-0.011158
0.061721
-0.030523
0.253638
-0.087271
0.185238
-0.291995
-0.080369
0.020337
-0.042843
-0.045449
0.002450
-0.001950
0.024100
-0.038243
0.013746
0.013435
-0.049055
-0.088971
-0.078729
0.016449
0.117157
0.255934
-0.118298
-0.018642
0.096233
-0.043333
0.076599
0.063335
-0.005649
-0.097992
0.003043
0.150429
0.007808
-0.046412
0.090434
-0.095806
-0.047547
0.024610
-0.000339
-0.122425
0.003777
0.017965
0.152054
-0.070464
-0.111761
-0.124131
-0.020838
-0.015737
0.038138
-0.341776
0.354530
-0.221424
0.031334
-0.006542
0.017229
-0.073096
-0.132035
-0.142200
0.001140
0.054844
-0.014708
-0.566783
0.002635
0.142516
0.014491
-0.041818
0.056649
-0.179543
0.011417
-0.123560
-0.189024
-0.089611
0.016158
-0.024446
-0.039321
0.066146
0.023261
-0.088077
0.114565
0.028799
-0.057877
0.238704
-0.111527
0.067490
0.042482
0.068419
-0.076553
-0.055077
0.113888
-0.059908
-0.102593
0.078929
0.044572
0.056238
0.077953
0.195866
0.064776
0.062380
0.014515
-0.193552
-0.005503
-0.080879
0.001200
-0.187374
0.098265
0.043391
0.298382
0.045821
-0.219762
-0.262441
-0.127234
-0.079666
0.069694
0.061741
-0.020437
0.047432
-0.095640
-0.062488
0.083473
0.037540
-0.059515
-0.059429
0.033022
0.040037
-0.009277
-0.127316
-0.085323
0.011743
0.048758
-0.339373
0.221056
-0.043651
0.028134
-0.480997
-0.132979
-0.017954
0.003981
0.000440
-0.043518
0.104510
-0.024784
-0.228819
0.049589
0.029542
-0.073829
0.448624
-0.186622
-0.015378
-0.049021
-0.034695
-0.045182
-0.134978
0.091611
-0.540655
-0.033357
-0.008662
0.189332
-0.256876
0.152250
0.553550
-0.029728
-0.010914
0.045956
-0.170099
-0.056884
0.002180
-0.036347
-0.235140
-0.403643
-0.131243
0.109415
-0.040804
0.004722
-0.138843
-0.128537
-0.073209
-0.017223
0.020460
-0.040544
0.060736
0.065034
-0.117583
0.029285
0.023918
-0.164255
-0.004162
-0.002079
0.039439
0.062595
-0.158029
-0.125154
0.031054
0.281789
-0.394571
0.285082
-0.025502
0.147885
-0.187472
-0.171535
-0.067746
0.068542
-0.089160
0.060404
0.286107
0.001467
-0.145212
0.221656
0.215432
-0.198025
0.646590
-0.179057
-0.025839
0.096022
0.147760
-0.519492
-0.162470
-0.044926
-0.106446
0.064133
0.055436
0.217842
-0.166535
-0.002186
0.034374
0.161396
-0.187987
0.268187
-0.150880
-0.050860
0.063266
0.334019
-0.147588
-0.064842
0.068870
0.079222
0.450136
-0.013331
-0.231823
-0.125716
-0.233198
-0.026291
-0.038569
-0.012277
-0.107627
0.014548
-0.044585
0.025119
-0.515902
-0.339735
-0.000048
0.161405
0.192340
0.068643
0.171029
-0.021668
-0.039387
0.019888
-0.082166
0.226063
0.350107
-0.718212
-0.002371
-0.055330
-0.229367
-0.035635
0.002865
-0.115453
-0.038010
0.004844
0.018991
-0.065747
0.113240
-0.075381
0.069020
-0.010858
0.039071
0.063121
0.138490
-0.148796
-0.138733
0.036171
0.059466
0.054280
0.012456
0.074553
-0.031657
-0.019356
0.083230
0.016515
0.123050
0.127628
-0.435639
-0.038877
0.015985
-0.193270
-0.111343
-0.063736
-0.064048
0.350652
0.160781
0.056732
-0.033611
0.048597
-0.016136
-0.052777
0.028134
-0.014719
0.305277
-0.097099
0.006085
-0.005561
-0.047911
0.059897
-0.018194
-0.147409
-0.116788
0.027448
-0.139133
-0.034019
0.035828
0.109624
-0.129077
0.150274
0.089503
0.069653
-0.503734
0.069713
0.071535
-0.042055
-0.013765
-0.006488
0.258088
0.083731
-0.296821
0.020700
0.048329
-0.040465
0.514935
-0.108962
0.058734
0.165099
-0.064530
-0.008614
-0.128157
0.058658
-0.445984
-0.105886
-0.170799
-0.025529
-0.287453
-0.005748
0.187905
0.005454
-0.021477
0.081765
-0.249667
-0.218295
0.100170
0.045430
-0.291589
0.194312
0.093448
0.388143
-0.014913
-0.116065
-0.284253
-0.050389
-0.179526
-0.004988
0.053265
-0.063325
-0.024127
-0.057988
0.009523
-0.004572
0.143119
-0.027283
0.002626
-0.013812
0.013773
0.082251
-0.230841
-0.052884
0.112051
0.293748
0.122369
0.536094
-0.064661
0.331547
-0.135087
-0.122030
-0.025887
-0.038551
-0.080457
-0.052787
0.202387
-0.012377
-0.076909
0.009974
0.069190
0.007647
0.039154
-0.018089
0.005193
-0.062497
-0.147865
-0.065290
-0.050142
0.097532
-0.048092
-0.091011
-0.000076
0.056374
-0.157440
0.014792
0.048158
0.091872
0.011328
0.136036
-0.021038
-0.039397
0.039342
0.014550
-0.026594
-0.001348
-0.034400
0.224067
-0.121545
-0.054463
-0.123611
-0.103046
0.394925
0.114706
0.104065
-0.611372
-0.150360
0.049774
-0.002402
0.128308
-0.092086
-0.081110
0.042704
-0.071661
0.073461
-0.136682
-0.144719
-0.020657
0.028241
0.186579
-0.022667
-0.139485
-0.135605
-0.004844
-0.028272
-0.162191
0.037605
-0.081044
-0.110480
0.002033
0.220613
0.042377
0.021031
0.057724
0.014233
-0.125405
0.230853
0.012063
0.005440
0.135433
0.438849
-0.069353
-0.200265
0.101401
-0.213463
0.053461
0.164408
-0.039432
-0.174656
0.078703
0.080600
0.046038
-0.105349
0.046685
-0.021073
-0.054289
0.130144
-0.020610
-0.143121
-0.013421
0.003785
0.196798
-0.096821
-0.126093
-0.165946
-0.047666
0.057420
-0.118231
0.278772
-0.639938
-0.001414
-0.118039
-0.023307
-0.199920
0.088753
-0.116272
0.268847
0.034259
0.108887
0.023309
-0.336067
-0.007060
0.073010
0.093455
-0.050917
-0.219037
-0.030937
0.238779
-0.315437
-0.183766
-0.024571
0.057552
0.034302
-0.040702
0.215399
-0.030046
-0.034382
0.051978
-0.049255
-0.028599
0.190239
-0.023281
0.171341
-0.070877
-0.085018
-0.006571
-0.055648
0.235245
-0.202799
-0.094128
-0.019437
-0.079670
-0.056603
0.003712
-0.304417
0.074053
0.096166
0.023317
-0.074801
-0.037049
-0.023900
-0.183485
-0.083388
-0.152083
-0.080932
-0.026085
0.080824
-0.035186
-0.050711
-0.146689
-0.018383
-0.047184
-0.009723
0.020726
0.042543
0.008650
-0.102485
0.042006
-0.029977
-0.062288
-0.018069
0.084836
0.058738
-0.041267
-0.113481
0.018368
0.003156
0.189146
-0.125767
0.231572
0.053675
0.149172
-0.051882
-0.114597
-0.360330
-0.094581
-0.003014
0.080958
-0.013547
0.022709
-0.168743
0.007012
0.054516
-0.073981
-0.041827
-0.142327
-0.023845
-0.060925
0.043420
-0.093098
-0.093719
0.003429
-0.055884
-0.022911
-0.044007
-0.023717
-0.022444
0.036691
0.184903
0.191561
0.150251
0.214248
0.000154
-0.037353
0.028287
-0.142499
-0.008433
-0.043598
-0.039871
0.177609
-0.024150
0.014498
-0.308504
-0.104437
-0.027570
0.012271
0.068833
-0.121408
0.355816
-0.092059
-0.036136
-0.083323
0.034970
0.181512
0.021668
-0.014963
0.143649
0.045044
-0.266834
-0.153286
-0.008482
0.164207
-0.060365
0.336401
-0.079497
0.366092
0.002039
-0.083994
0.002512
-0.014395
0.081249
-0.098875
-0.019066
-0.043341
-0.040486
-0.000470
0.073282
0.024679
-0.097740
0.034525
-0.005394
-0.072704
-0.034772
-0.012163
-0.011139
0.003232
0.010180
-0.148022
0.033176
-0.071016
-0.058725
0.162962
0.031604
0.041385
-0.008020
0.021231
-0.022899
0.031295
0.082992
0.042831
-0.027315
-0.172196
-0.014223
-0.065754
-0.037792
-0.162652
-0.038553
-0.069105
-0.016846
0.001675
-0.011311
0.017408
-0.012483
-0.028589
-0.032185
0.017874
0.026016
-0.056872
-0.021710
0.012573
-0.040748
0.007821
-0.025069
-0.006623
-0.008976
-0.005848
0.018573
0.025725
-0.031342
-0.038298
-0.040904
0.010822
0.044683
0.017451
-0.110907
-0.092085
-0.010885
-0.089447
0.030954
0.056807
0.007464
0.030289
-0.027775
0.022819
-0.026423
-0.047871
0.045144
-0.043165
0.050506
0.054371
0.048824
-0.048874
-0.041274
0.030935
-0.002239
-0.003801
-0.195376
-0.014898
-0.021437
0.021014
0.032818
-0.006504
0.060706
0.003000
-0.014407
-0.001252
0.088039
0.101598
-0.047797
-0.062102
-0.024879
0.015142
-0.025086
-0.010992
-0.024129
-0.006549
-0.012596
0.043588
-0.033359
0.009366
0.012880
-0.030767
0.012623
-0.036496
0.045023
-0.083649
-0.112291
-0.013412
-0.000570
0.013985
-0.041005
0.011724
-0.025005
-0.056789
-0.133756
-0.081655
0.039506
0.070769
0.030172
-0.037765
-0.021174
0.214452
-0.007375
0.069233
-0.055260
0.040318
-0.064742
-0.032012
-0.015239
-0.031608
0.043031
-0.002497
0.003613
0.019719
-0.168091
0.027085
-0.050038
0.075582
-0.037266
0.016205
-0.017001
-0.116006
0.051355
-0.000494
0.047337
0.042489
0.109794
-0.036150
0.028082
-0.000039
-0.109436
0.058748
-0.017847
-0.036767
0.089056
-0.027179
0.005146
0.027041
-0.006085
-0.059293
0.050642
-0.087890
-0.053091
0.067423
-0.081169
-0.021600
0.053787
-0.070824
0.138169
-0.033703
-0.048605
-0.107388
-0.002576
-0.069570
-0.052527
0.014409
-0.025276
-0.043913
-0.030337
0.026349
0.029271
-0.001998
-0.102256
-0.087272
-0.159025
-0.174547
0.047984
-0.008684
0.019970
0.032027
-0.000974
0.056915
0.027651
-0.068096
-0.017271
-0.026386
-0.146170
-0.075697
-0.007966
-0.019740
-0.026848
0.057632
0.028574
-0.001741
0.084390
-0.020619
0.057375
-0.023019
-0.004034
-0.006760
0.014947
0.077820
0.017365
-0.012013
0.048650
0.095861
-0.080911
-0.023686
0.040588
-0.050321
-0.039474
-0.029596
0.001741
0.007296
0.026450
-0.040270
0.078495
0.027452
-0.033581
0.075593
-0.038112
-0.002184
-0.069035
-0.020721
-0.132321
-0.089359
-0.009245
-0.006019
-0.061014
-0.029990
0.037691
-0.054159
-0.040248
-0.050209
-0.023825
-0.109006
-0.008158
-0.140464
-0.151968
-0.090772
0.000859
-0.063903
0.095213
-0.020250
0.091697
-0.022066
0.018556
-0.052550
-0.060796
-0.014902
0.008383
-0.092615
0.078971
-0.010872
-0.016146
-0.116758
-0.061841
0.063021
-0.064320
0.086003
-0.140027
0.090598
-0.158391
-0.056710
-0.078313
-0.077337
-0.022042
-0.025154
0.162158
-0.210381
0.000885
0.021757
-0.175302
-0.045480
0.002645
-0.052347
-0.037883
0.020260
-0.050584
-0.037251
0.041678
-0.080300
-0.013515
-0.029256
-0.030369
0.178040
-0.121843
0.002059
0.099099
0.022467
0.014776
0.024728
0.000341
-0.046912
-0.007758
-0.007794
0.089369
-0.010417
0.148229
-0.049011
-0.030006
0.014674
-0.053836
-0.003865
-0.070163
0.003248
0.031518
0.009885
0.000307
0.074664
0.021368
0.067301
0.280283
0.071072
0.008095
0.039688
-0.036038
0.082899
0.030282
-0.021409
0.036050
0.106861
-0.034988
-0.008353
0.039801
0.151388
0.112106
-0.003011
-0.019134
-0.078513
0.081171
-0.006987
-0.029547
-0.175029
0.022109
0.012753
-0.036050
0.000255
-0.348779
-0.291938
0.121614
0.347094
0.070044
-0.060304
0.014034
0.088455
-0.002628
-0.011949
0.093290
-0.002276
0.062609
0.093375
0.064021
0.006464
-0.001947
0.014267
0.002306
0.267362
0.091557
0.036096
0.048623
-0.036403
-0.024251
0.024036
-0.006096
0.018197
0.074668
0.057488
0.044998
-0.007226
0.014222
-0.006449
-0.033781
-0.048370
-0.001311
0.054940
0.046267
0.029895
0.016853
-0.026906
0.010024
0.068369
0.001913
0.034526
-0.000837
0.013645
-0.035841
-0.023511
-0.005601
0.057373
0.062307
0.020383
0.015566
-0.033571
0.078859
-0.015846
0.017976
-0.079129
-0.019801
-0.043171
0.029406
0.031063
0.000649
0.148614
-0.365558
0.063368
-0.081193
0.134248
0.008520
-0.056543
-0.032248
-0.001409
-0.423405
0.018224
0.035837
-0.044759
-0.003861
0.002603
0.066462
0.027068
0.030515
-0.087476
-0.085334
-0.037037
-0.006628
-0.050922
-0.000409
0.011655
0.121617
-0.129046
-0.022182
0.035774
0.036625
-0.032506
-0.014425
0.044061
0.062708
-0.021955
0.105630
-0.049566
0.007762
0.030611
0.019632
-0.020734
0.058860
0.036585
0.002997
0.009888
0.013797
-0.144410
0.016147
0.050798
-0.067155
0.032932
-0.044287
-0.010024
-0.155269
-0.065643
-0.004835
0.075833
0.008201
-0.073880
-0.016826
-0.158504
-0.069337
-0.024584
-0.024558
0.030634
-0.011255
0.019504
0.021323
0.015418
0.017729
-0.003606
0.017796
-0.018365
0.014934
0.107973
-0.046144
-0.005441
0.036075
-0.028603
-0.001350
-0.055968
-0.048941
-0.020411
-0.007030
-0.036321
0.035355
-0.080267
0.002872
0.016806
0.099691
-0.020772
0.042340
0.414754
0.036352
-0.085775
0.009138
0.018601
-0.163091
-0.029460
-0.032937
0.115182
0.011973
0.005478
0.051586
-0.066047
-0.007466
0.071035
0.012488
0.003333
0.070616
0.061334
0.137751
0.029317
-0.023851
-0.019606
0.037875
0.050134
-0.149642
-0.150907
0.124126
-0.004376
-0.230960
-0.078748
-0.015145
0.048116
0.112324
-0.024189
0.018935
-0.000896
0.044772
0.031061
0.053150
0.046306
-0.034892
-0.048653
-0.024007
-0.070352
0.005637
0.096546
-0.017548
0.032457
0.022744
0.006079
-0.026111
-0.073510
-0.026701
-0.084903
-0.014062
-0.081285
0.009241
-0.021132
-0.215640
0.043957
0.029507
-0.292894
-0.089955
0.077100
0.005979
0.072022
0.032281
0.376301
0.078028
0.112611
-0.037638
0.057530
0.048354
-0.162111
-0.130726
-0.066962
0.030152
0.088949
0.048029
-0.045631
-0.026619
0.121951
-0.025826
0.018928
0.021130
0.150875
-0.295186
-0.005050
-0.203656
-0.182586
-0.098416
0.026623
0.015431
0.021767
0.053878
0.066604
0.201115
0.015530
0.052555
-0.048485
-0.017645
0.091178
0.128829
-0.004529
0.091846
-0.026204
0.129322
-0.040703
-0.007231
0.071526
0.003918
0.034429
0.098447
0.005682
0.045622
-0.006319
0.008937
-0.088632
0.072967
0.003383
-0.033271
0.007027
-0.009282
-0.040915
-0.014029
-0.137590
0.063380
-0.034797
-0.010669
-0.056435
0.041293
-0.011140
-0.195195
0.157276
0.007794
-0.026681
-0.080244
0.082110
0.081873
0.014101
-0.102825
-0.064820
-0.130115
-0.118782
0.008053
0.032237
-0.000842
-0.077512
0.184803
0.087759
0.229034
0.024861
-0.047051
-0.090379
0.140267
-0.030197
-0.019524
-0.156058
-0.228070
-0.014400
-0.196017
-0.017423
0.029833
-0.024500
0.027828
-0.062174
0.093670
-0.030982
-0.042673
-0.015810
-0.038386
0.045333
-0.006052
-0.121938
0.014778
-0.027216
-0.054129
-0.118058
0.060375
0.046664
-0.022860
-0.004311
-0.260639
0.163015
0.162909
0.119242
-0.006732
-0.059041
-0.187066
-0.025859
-0.050734
0.068952
0.004625
-0.071783
0.075024
-0.009448
-0.046412
0.042583
-0.047786
0.170518
-0.026725
0.004543
-0.001538
-0.136145
0.092887
0.100860
-0.099427
-0.122463
-0.015492
0.047919
-0.102312
0.018823
-0.026762
0.050825
0.058424
-0.055004
-0.273899
-0.111763
-0.053322
-0.051274
-0.014320
-0.192903
-0.033649
-0.046460
0.005993
0.010196
-0.004516
-0.044580
-0.047459
0.050474
-0.039658
-0.024114
0.060855
-0.028057
-0.046152
0.047563
-0.023565
-0.005750
0.010886
-0.038360
0.065701
0.044995
0.036118
-0.097931
-0.002499
-0.125862
-0.013420
-0.053339
-0.014347
-0.020996
-0.059075
-0.006071
-0.007740
-0.083916
-0.044930
-0.023021
-0.054841
0.009728
0.016239
0.050642
0.056103
-0.079973
-0.033337
0.033275
-0.243316
-0.019888
-0.032193
-0.014172
0.049858
-0.090127
-0.010937
-0.002796
-0.006393
0.037699
-0.055727
0.016328
0.024992
0.062449
-0.057324
-0.003545
-0.060786
-0.069419
-0.027361
0.006885
0.010300
-0.053782
0.044068
-0.004797
0.050252
-0.058547
0.001527
0.244022
0.073198
0.161601
0.112589
0.231418
-0.068589
0.128948
0.053432
-0.005440
0.029330
0.034014
0.033282
-0.063951
0.041292
0.000277
-0.098452
-0.010083
-0.013486
0.080719
0.110165
-0.002410
0.026397
0.034068
-0.147092
0.058931
-0.016351
0.003322
0.084360
0.014975
0.092657
-0.067928
-0.030134
-0.039876
0.029488
-0.063434
-0.015711
-0.031047
-0.183028
0.015261
-0.042718
-0.021703
0.044688
0.030332
0.012687
-0.000637
-0.081431
0.071153
-0.044765
0.022169
-0.033796
0.018210
0.058703
0.035415
-0.006847
-0.043706
-0.022319
-0.005940
-0.042249
0.007397
-0.008111
-0.060124
0.129832
0.056555
0.194088
-0.105523
0.243397
-0.272568
-0.124776
-0.074323
-0.034288
0.213255
-0.008964
0.015055
0.337353
-0.065761
-0.000827
-0.110668
0.032957
0.027018
0.043310
-0.030794
0.036458
-0.241614
-0.139963
0.088448
-0.008557
-0.044424
-0.021765
0.058583
0.009820
-0.052777
0.031377
0.142568
-0.005668
-0.002197
-0.021965
-0.008880
-0.135936
-0.021595
0.029408
0.023280
0.042541
0.051867
-0.039858
0.182572
0.055400
0.011035
0.040573
-0.159775
0.072680
0.047370
-0.211582
-0.069165
0.023432
0.027682
-0.001257
0.030271
0.028548
-0.022078
0.046893
-0.017154
-0.068640
0.006537
0.016030
0.007481
0.024038
0.033307
0.011415
-0.012471
0.012103
0.027953
-0.129592
-0.002236
-0.070153
-0.023751
-0.016132
0.060571
-0.024510
0.101594
-0.015722
0.044987
-0.020407
0.045618
-0.024087
0.001750
-0.026735
-0.018438
0.045322
-0.077380
-0.074140
-0.011687
0.201426
0.006383
-0.023429
-0.109200
-0.028701
-0.048641
-0.069097
-0.048777
-0.009239
-0.051465
0.000172
-0.093863
-0.065753
0.001518
-0.058267
-0.070490
-0.006956
0.059030
0.007697
0.000266
0.039923
0.172390
0.011024
0.022424
0.017208
0.026011
-0.146682
0.162737
0.219878
0.033682
-0.090744
-0.045929
0.133637
0.079362
0.022020
-0.099145
0.022254
0.001370
-0.124965
-0.016152
0.050032
-0.041773
0.036110
0.023407
-0.108039
-0.030536
-0.034729
-0.030766
0.011558
-0.092744
-0.000320
0.137243
0.166327
-0.022455
0.038893
-0.063138
0.005670
-0.051342
-0.015936
-0.090281
0.163125
-0.115331
0.009055
-0.114570
0.036440
-0.074710
0.043451
-0.028813
-0.094951
0.039952
0.068309
-0.018833
0.005291
-0.023573
0.011187
0.002830
0.077468
-0.001497
-0.009582
-0.046916
-0.054500
-0.039667
-0.120627
0.012770
0.047673
-0.070977
-0.010811
0.039390
-0.073629
-0.056205
-0.134944
-0.016969
-0.035893
-0.112584
0.003622
0.053237
-0.033797
-0.271771
-0.008311
-0.093581
-0.071976
-0.153094
-0.023448
0.040732
0.022849
0.034246
-0.015514
0.019324
-0.026574
0.033370
0.002793
-0.029482
0.044740
0.033439
-0.055197
-0.037923
-0.170328
-0.074268
0.096186
0.018428
-0.000439
-0.074148
0.055333
0.034793
0.014401
0.044395
-0.010439
0.060026
-0.019169
0.046242
0.020775
0.001277
-0.022275
0.047509
0.132148
0.013298
0.022015
-0.058364
-0.072037
0.044197
-0.007741
0.001792
-0.003961
0.027597
0.083190
0.058691
0.063478
0.060505
-0.019416
-0.061682
0.023768
-0.020405
0.070353
-0.076859
0.189604
-0.035054
-0.064846
-0.017376
-0.075863
-0.020141
-0.048102
-0.032207
-0.029719
0.078350
-0.103285
-0.002947
0.002299
-0.041887
-0.075572
-0.051831
-0.030110
-0.040675
0.025823
0.011593
-0.086726
-0.011651
0.001238
0.000075
0.029644
0.048567
-0.030922
0.038260
-0.145585
0.047291
0.055048
0.024738
0.034117
-0.024583
-0.090824
0.008954
-0.117476
-0.003234
0.000002
0.022001
0.025675
0.115827
0.023373
-0.056900
0.084452
0.007121
-0.040713
-0.009680
0.017349
-0.071602
0.029670
-0.045465
0.013760
-0.002587
-0.033049
0.041189
-0.063257
-0.009107
-0.005154
-0.021302
-0.062848
-0.059738
0.024791
0.014645
0.030579
-0.079787
0.004390
-0.115171
-0.054328
0.075991
0.002233
-0.045800
0.096164
0.099712
-0.010330
-0.116885
0.002596
-0.147821
-0.033697
-0.014077
0.016629
0.003191
0.013820
0.049380
0.030042
0.011347
0.004923
-0.037603
0.091401
0.070826
0.152306
0.048736
0.035771
0.028738
-0.014435
0.031139
0.039497
0.002389
-0.035793
0.004481
0.015407
0.030050
-0.003631
0.098448
-0.062746
0.046667
0.080529
0.069811
-0.034225
0.063977
-0.064111
0.037139
-0.023393
-0.059398
-0.107598
-0.005396
0.000190
-0.044855
-0.028117
0.121102
0.067846
0.050826
0.044350
0.080607
0.022951
-0.012308
-0.030142
-0.019441
-0.168014
-0.002055
0.045255
-0.024820
-0.039317
-0.022131
0.058840
0.039149
-0.020859
0.020374
0.079298
-0.038098
-0.011152
-0.083105
-0.086833
-0.027075
0.016555
-0.031012
-0.109592
0.062086
0.183788
0.032090
-0.034189
0.005232
0.047393
0.030704
0.212898
0.003484
-0.097721
0.030157
-0.080426
0.059524
-0.032910
0.000637
0.085864
-0.010406
0.034667
0.025032
0.037110
-0.004169
-0.021581
-0.000967
0.035151
-0.018027
-0.032800
0.086649
-0.044350
0.020360
-0.051083
0.079745
0.022043
0.044899
-0.002073
0.020907
0.003086
-0.075572
-0.043101
0.063206
-0.013799
0.062975
0.115476
-0.021321
0.029371
-0.119136
-0.187797
-0.037901
-0.007881
0.124818
-0.009603
0.014063
-0.030274
-0.135604
-0.081288
-0.143018
-0.044272
0.044007
-0.047515
0.106086
0.014473
-0.005443
-0.031589
-0.016040
-0.051314
0.033418
-0.041454
0.009817
-0.003744
0.015680
0.006773
-0.124868
-0.196479
-0.080932
0.075401
-0.027177
-0.073741
-0.145020
0.152616
-0.021013
-0.009836
0.002553
-0.038828
0.093043
0.043611
0.024983
0.088551
-0.027404
0.021815
0.025812
0.071284
-0.038213
-0.065620
0.018097
0.087011
-0.046643
0.048065
0.010728
-0.041624
-0.024918
0.061309
-0.033629
0.082841
-0.050191
-0.036871
0.007934
-0.040186
0.002985
0.038665
-0.000466
-0.041992
-0.065289
-0.056163
0.001468
-0.076781
0.016220
0.005054
0.019041
0.015146
-0.007793
-0.054931
0.067107
0.083382
0.052646
0.206957
0.098894
-0.027646
-0.115976
-0.117369
-0.245949
0.037580
0.049486
-0.058173
0.035293
-0.226840
0.071737
-0.035134
0.166268
0.150697
0.076009
0.009457
0.088435
0.067760
-0.051599
-0.003493
0.017497
0.082804
0.040440
0.015689
0.003060
0.024697
0.026788
0.006508
0.025383
-0.019128
-0.015346
-0.047189
0.016777
0.040581
0.041518
0.000490
0.050348
0.000398
0.003689
-0.026999
0.026244
-0.037360
-0.174811
0.001825
-0.032741
-0.000208
0.028094
0.001048
0.050067
-0.015021
-0.036728
0.103300
-0.016004
-0.057550
0.006475
0.008569
-0.002431
-0.010951
-0.002142
-0.049046
0.056872
0.096766
-0.016631
-0.005483
-0.036150
0.166043
-0.236919
0.053430
-0.135358
0.042332
-0.003403
0.060476
0.033883
0.400764
0.016596
-0.009474
-0.010694
0.190357
-0.039027
-0.117163
-0.004809
0.031257
0.026412
0.038768
0.057889
-0.047942
-0.070381
0.024047
-0.012149
0.079505
0.045081
0.012408
0.010364
-0.009340
0.037346
-0.052748
0.003670
-0.123950
-0.036856
0.021476
0.050302
-0.000982
0.033151
-0.043790
0.079103
0.137470
-0.019877
-0.005163
0.024011
0.084413
0.012538
0.014771
-0.068108
0.026163
-0.039099
-0.049478
0.006241
0.113936
-0.053007
-0.077277
0.216555
-0.024239
0.067633
-0.009834
-0.111518
-0.007028
-0.005464
-0.019840
-0.006194
0.001090
-0.015958
0.016167
0.003682
-0.036862
-0.000677
-0.089691
-0.013453
0.005495
-0.023285
0.013023
0.036811
-0.029277
-0.018567
-0.076316
-0.021831
-0.044225
-0.001769
0.017180
-0.054990
0.010561
-0.042008
0.079251
-0.008204
-0.048284
0.039459
-0.013417
0.033446
0.043859
0.021523
-0.028880
0.029084
-0.109934
-0.009492
0.023020
0.004755
0.030096
-0.054718
0.038355
-0.092038
0.124651
-0.013457
-0.018673
-0.018641
0.068191
-0.069572
-0.133561
-0.032344
-0.097663
-0.082064
0.039024
-0.071184
0.060818
-0.017721
0.039948
-0.100926
0.150452
0.081017
-0.026945
0.082203
0.081449
0.045700
0.006983
0.037193
0.003470
-0.008206
-0.049710
-0.025694
0.055564
-0.020169
0.013160
0.076168
0.003075
-0.062518
-0.159218
-0.097802
0.029283
0.039772
-0.023169
-0.077451
0.088774
-0.029768
-0.007450
-0.009407
0.092337
0.116012
-0.079243
-0.040272
0.014533
0.214956
0.016755
0.000166
0.014874
-0.035936
-0.079706
-0.212766
-0.076384
-0.065963
-0.071247
0.003126
-0.002799
0.414295
0.308781
0.010840
0.008392
-0.046251
-0.105055
0.030389
0.072639
-0.031047
0.064424
-0.213419
0.128121
-0.093855
0.268549
0.065294
0.150943
-0.092648
-0.069384
-0.005198
-0.033898
-0.039192
-0.029825
0.030891
0.034657
0.117186
0.104517
0.014322
0.009793
0.008686
0.026913
0.052451
-0.063226
-0.073533
0.461251
0.072123
0.006560
-0.038608
-0.085570
-0.057745
-0.071336
0.014452
0.082947
0.020431
-0.004495
-0.005929
-0.117341
0.192978
0.036756
0.062422
0.046730
-0.012798
0.019197
0.115723
0.021399
-0.011319
0.022462
0.089006
-0.013328
-0.035091
0.055018
0.067900
0.043665
0.049981
0.011406
-0.023729
0.015615
0.112707
-0.022927
-0.023989
-0.004368
-0.004216
0.031356
-0.031618
-0.117163
-0.084746
-0.213026
-0.024166
-0.078919
0.051898
0.049026
0.019043
-0.021297
-0.005867
0.001207
-0.050663
0.046576
0.012661
0.108040
-0.057867
0.046551
0.000097
0.017418
0.031165
-0.001933
0.066091
0.107298
-0.006553
0.134877
-0.034163
0.034165
0.077126
0.091911
-0.032156
0.040707
0.054804
-0.110212
0.011284
0.079678
0.005839
-0.005803
0.018848
0.023414
0.108075
-0.028393
-0.035192
-0.176675
-0.000195
0.046418
-0.010828
-0.040461
0.072858
-0.092374
0.032727
-0.069423
0.030370
0.068183
0.125814
0.025179
-0.001800
0.091415
0.059061
0.142869
-0.003840
-0.187515
-0.034979
-0.070153
0.009010
-0.034493
-0.051440
-0.057221
-0.037509
0.133636
0.021325
0.194458
0.017623
0.072344
0.062277
0.020232
-0.038785
0.072927
-0.010400
0.113224
-0.024154
-0.014018
0.021520
0.014143
-0.020752
0.034885
0.063436
-0.011051
0.006825
-0.024823
0.068462
0.017835
0.079586
-0.053579
-0.038818
-0.009211
0.022377
-0.092552
-0.186293
-0.018554
-0.104607
0.062374
-0.030973
0.091205
0.086293
0.137199
-0.032553
0.000770
0.018539
-0.000543
0.035584
0.088114
-0.032685
-0.019046
-0.020804
0.050618
0.040970
0.031352
-0.084533
0.063485
-0.010129
-0.055543
0.076801
-0.026007
0.263399
-0.035462
-0.093510
-0.059737
0.001408
0.032156
-0.057021
-0.001522
-0.056910
0.003839
-0.017983
0.031770
0.017842
-0.021697
0.011990
0.007061
0.043770
-0.089374
0.131078
0.031976
-0.007535
-0.207819
0.141488
0.013230
0.243720
0.049677
-0.320381
0.084816
0.019010
0.056160
0.017615
0.013488
0.030128
0.009198
0.527178
0.153484
0.011704
-0.035919
0.040838
0.035241
0.159641
0.056767
0.080745
-0.027980
0.073705
0.023301
-0.014644
0.056053
-0.004463
-0.074114
0.035056
-0.053646
0.025062
-0.011092
0.093490
-0.061961
0.016046
0.030884
0.069786
0.026692
-0.019363
0.127541
-0.026690
0.093475
-0.074412
-0.081428
-0.018283
-0.035349
-0.003805
0.032798
-0.041999
0.002244
-0.043682
0.045575
-0.019708
-0.010443
-0.025798
0.004116
-0.001240
0.023115
-0.041697
0.094307
0.051955
0.072100
0.020182
-0.043094
-0.001136
-0.092560
0.253443
0.071183
0.108034
0.058737
-0.020894
0.008788
0.013007
-0.380281
0.047314
0.005096
0.172399
0.010896
0.007576
-0.172410
-0.043905
0.044740
0.111411
0.100911
-0.084245
-0.038549
0.019226
-0.070290
0.012231
0.000445
-0.059361
-0.125005
0.014857
0.030702
-0.117048
-0.028042
-0.061012
0.020192
0.070906
0.076500
0.007724
0.025549
0.040824
-0.111113
-0.088814
0.046512
0.062364
-0.007604
-0.005136
0.080490
-0.069622
-0.043174
-0.037642
0.023148
-0.012485
0.061049
-0.021081
-0.019824
-0.025992
0.032453
-0.005746
0.047623
0.067422
-0.038719
0.094599
0.063734
0.141681
0.003036
-0.007508
-0.010441
-0.042186
0.009175
0.010174
-0.086946
0.034452
-0.020478
-0.049595
-0.035087
-0.070631
-0.023580
-0.086254
0.016772
0.035498
-0.016884
-0.047396
0.074163
-0.059478
-0.082915
-0.053532
0.007278
0.060869
0.164816
-0.001720
0.035513
-0.023909
-0.058239
0.019113
-0.036673
0.001424
-0.092574
-0.041504
0.106233
-0.010648
-0.056517
0.034535
0.014643
-0.081620
-0.153980
-0.028529
0.039491
-0.016292
-0.044026
-0.004904
0.032370
0.038211
0.055866
-0.009495
0.023826
-0.101870
-0.040644
0.037476
0.106400
0.072512
-0.033456
-0.011809
0.022779
-0.021426
-0.134751
0.062277
0.270059
-0.032686
0.009366
-0.004665
-0.023758
0.035916
-0.094093
0.050640
0.078912
-0.040115
0.006171
-0.034968
-0.020417
0.022749
-0.065017
-0.050478
0.181029
0.054240
-0.053706
-0.032154
0.144117
-0.010651
-0.132034
-0.037468
-0.002745
-0.134403
0.033355
0.026634
0.058873
-0.019988
0.010178
0.001354
-0.010140
0.009848
0.033403
-0.028055
0.017334
-0.044097
0.052762
-0.023905
-0.009940
0.041029
-0.014895
0.000956
0.006394
0.116764
0.060817
0.020993
-0.095033
0.184673
-0.057269
0.060343
-0.051993
0.013454
-0.002711
-0.023896
-0.106668
-0.163009
-0.040760
-0.184973
0.019464
-0.010997
-0.030215
-0.188323
-0.038418
-0.049796
-0.004758
-0.011829
0.028807
0.035253
0.015340
-0.002134
-0.024159
-0.028552
0.002902
-0.018635
-0.022859
-0.091284
-0.013589
-0.019453
0.041641
0.010366
-0.021022
0.018492
0.185591
-0.010055
0.042854
-0.055293
0.051729
-0.008208
-0.115326
-0.021176
0.038124
-0.032252
-0.001194
0.027661
0.130252
0.080455
0.006103
-0.007860
-0.124310
0.052200
0.023224
-0.045766
0.001439
0.010115
0.043816
0.031363
0.101863
-0.027475
-0.035827
-0.076810
0.034970
0.037081
0.138248
-0.074020
0.255143
0.017872
-0.080781
0.036098
-0.028368
-0.044547
-0.048531
0.009985
0.080606
0.094349
-0.116276
0.005467
-0.074477
-0.029571
-0.005118
-0.037745
-0.022024
-0.059204
0.097671
0.021310
-0.095702
0.002410
0.043945
0.131218
-0.037834
-0.006392
-0.067908
-0.013784
-0.186952
-0.017204
0.053513
0.002956
0.053561
-0.012630
-0.142425
-0.004125
-0.001478
0.083420
-0.011546
0.140913
-0.084644
0.026076
-0.081869
-0.106133
0.072595
0.006699
0.039812
-0.064240
-0.012345
0.029181
0.094293
-0.039683
-0.056903
-0.024801
-0.017599
0.122199
-0.172516
-0.006803
-0.057513
-0.038634
-0.042567
0.022635
0.044749
0.041321
0.063143
0.060998
-0.032304
-0.176601
-0.045756
0.028840
-0.018878
-0.053148
0.000529
-0.159738
-0.016530
-0.136053
0.000179
-0.037157
-0.034713
-0.047679
-0.007776
-0.031645
-0.012981
0.038943
0.027206
-0.032064
0.051173
0.009194
-0.023003
0.046697
-0.048505
0.045899
-0.066986
-0.055685
-0.004999
-0.028832
-0.084952
-0.040540
0.012889
-0.018171
0.057147
-0.013140
0.057110
0.062546
-0.058055
0.003837
0.055275
0.000409
0.061538
0.013649
-0.024208
-0.101543
-0.036634
-0.087991
-0.075798
-0.019747
-0.007554
-0.130373
-0.172014
0.132367
0.091936
0.043012
0.154891
0.145666
-0.027860
-0.012031
-0.215027
0.028803
-0.207500
0.017363
-0.004247
-0.051607
0.017531
0.050053
0.037250
0.005631
0.042770
-0.028743
0.143371
-0.052221
0.006725
-0.057448
-0.050455
-0.021186
-0.018961
-0.003306
-0.200087
0.010922
0.176711
0.023222
-0.179526
-0.163083
-0.022012
0.050875
0.207852
-0.017678
-0.067696
0.011745
-0.123572
-0.080516
-0.033448
-0.002087
0.103810
-0.167047
0.120346
-0.002092
0.002069
-0.202577
0.013791
-0.016198
0.061096
0.068223
-0.011995
0.010798
-0.007586
0.076538
-0.267094
-0.010450
0.027108
0.006415
0.029561
0.005642
-0.009581
-0.272723
0.110099
-0.051203
0.042972
0.085245
0.098260
0.069728
0.025177
-0.100907
-0.112688
-0.012724
-0.075586
0.473481
0.090088
-0.120711
0.136156
-0.037622
0.066782
0.053766
-0.021432
0.036045
-0.109493
-0.085802
-0.018977
-0.000072
0.042570
0.016273
0.032616
0.004076
-0.014827
-0.027089
-0.010049
0.021511
-0.002500
-0.030693
-0.124631
-0.029698
-0.037174
0.029835
-0.094739
-0.066201
-0.073300
0.000155
0.001438
-0.047343
0.022765
-0.030200
0.019895
-0.001503
0.078500
-0.001060
-0.013082
0.022791
-0.031680
-0.030683
-0.020121
0.015239
-0.015731
-0.029664
0.063593
-0.026226
-0.064072
-0.038627
-0.034975
-0.069308
0.067432
-0.237289
0.002458
0.019781
-0.007720
0.035456
0.033582
0.027516
-0.090294
0.114880
-0.049951
0.130046
-0.024096
-0.091413
-0.021744
-0.050724
0.041133
0.079621
-0.078635
0.013708
-0.037756
0.024567
0.197761
-0.130189
0.025802
-0.062389
-0.098667
0.216358
-0.002097
0.190262
-0.046752
0.048746
0.006188
-0.025145
-0.011276
0.022897
-0.010097
-0.012595
0.017393
0.004254
-0.008943
-0.138603
-0.068556
-0.028023
-0.040885
0.034823
0.005437
-0.026725
0.031495
-0.017286
-0.048615
-0.005005
0.021973
-0.031774
-0.015276
-0.030976
0.027606
0.008589
0.034130
0.037405
0.084561
-0.062776
-0.034537
-0.075206
0.053195
-0.129232
0.045670
-0.025662
-0.055938
0.001050
-0.016403
0.049717
-0.041019
0.109633
-0.001382
0.060346
-0.052781
-0.029624
-0.066074
0.008200
0.036726
-0.040228
-0.096377
-0.005830
0.046902
0.012304
0.018631
0.169505
-0.473193
0.072315
-0.086256
-0.233046
0.009167
-0.012980
-0.032844
0.023442
0.277921
0.002442
0.018389
0.031856
0.034622
0.018405
-0.023217
-0.027977
-0.041559
-0.061395
-0.060580
-0.002132
0.010491
-0.085880
-0.023667
0.064057
0.051560
-0.023090
-0.104444
-0.058564
0.034668
-0.011486
0.052928
0.022400
-0.003039
0.018719
0.141284
-0.094026
-0.051910
0.018381
-0.006573
-0.088483
0.003573
-0.127713
0.031020
-0.025837
0.068694
-0.095589
-0.057081
-0.022236
-0.070420
0.002745
-0.040262
0.053711
0.120804
0.076024
-0.116262
0.120278
0.037097
-0.020490
-0.022508
-0.195787
0.025973
-0.021270
0.002752
-0.003574
0.003843
0.017278
-0.000190
0.033489
0.038831
-0.026857
0.019515
-0.048308
-0.006136
0.055098
-0.109453
0.001146
0.075577
0.014498
-0.012294
-0.019506
-0.277693
0.009023
-0.068601
-0.002364
-0.026647
-0.073065
0.042106
0.142264
-0.083514
0.018227
-0.124967
-0.067909
-0.032792
-0.055604
0.053148
0.025039
0.129820
-0.100044
0.048742
-0.069131
-0.012594
0.007674
-0.014499
-0.091937
-0.130429
-0.041543
-0.010465
0.062734
-0.032768
0.057323
-0.336672
0.034284
-0.099958
0.063523
0.013146
-0.066975
0.021576
-0.049454
-0.097463
-0.090088
-0.006933
-0.135708
-0.053911
-0.003228
-0.017432
-0.043193
0.042883
-0.045371
0.005456
0.015716
-0.046777
-0.020749
0.122129
-0.105193
-0.029562
-0.140154
-0.009060
0.029643
-0.068861
-0.079584
0.081833
0.074156
-0.017868
0.029852
-0.146902
-0.008595
0.066114
-0.050822
0.105315
0.080493
-0.167430
-0.021429
-0.052201
0.002197
0.014974
-0.030340
0.028576
0.005253
0.079290
0.004653
-0.104161
0.111230
-0.032717
0.070409
0.020595
0.180772
0.291344
-0.075583
0.008173
-0.080334
0.077569
0.064775
0.013091
0.132869
-0.110248
-0.143156
-0.000406
0.118566
-0.120338
0.113348
0.106886
-0.181903
-0.232392
-0.016616
0.028360
-0.052341
0.042048
0.015865
-0.042391
0.052684
0.098302
-0.073666
-0.032176
0.016380
0.067990
0.030799
-0.014933
-0.092910
0.570788
-0.172266
0.007911
0.008910
0.026800
-0.053091
-0.021419
0.011229
0.069255
0.013632
-0.037101
-0.071042
-0.025377
-0.124742
0.008911
0.019842
0.059172
0.048583
0.013918
-0.048277
-0.149471
0.006704
-0.048529
-0.010829
-0.072434
-0.080198
-0.009605
0.024547
0.069642
0.062282
0.050083
-0.004721
-0.113419
-0.131792
-0.022857
0.020033
0.014140
0.114452
0.060967
0.002833
0.008488
-0.014634
0.034675
0.029193
-0.044871
0.003993
0.007941
-0.027494
0.008046
-0.047441
0.002877
0.059218
0.022886
0.039192
-0.025630
0.047145
0.039618
-0.017948
-0.016971
0.016802
0.004035
-0.057113
0.040779
-0.029838
0.028259
0.069313
0.014392
-0.062830
-0.136362
0.026300
0.001843
-0.065895
-0.018797
-0.014397
0.012756
-0.025696
-0.084480
-0.018960
-0.036251
0.199570
-0.035310
0.068905
-0.113038
-0.024315
-0.029761
-0.080587
-0.081701
-0.061448
0.015975
0.010472
-0.095072
0.054742
0.051954
0.184434
-0.040239
-0.016532
0.001183
-0.122813
-0.097621
-0.190605
-0.125998
-0.045704
-0.024590
0.043599
-0.057890
0.002963
-0.047201
0.034381
0.096524
0.158359
0.117708
-0.135984
0.029459
-0.050269
0.055557
-0.156739
-0.036225
-0.058876
0.055650
0.010936
0.089067
-0.071733
-0.025731
0.040816
0.025293
0.024479
-0.011929
-0.038059
-0.026131
0.067213
-0.021354
-0.096009
-0.054463
-0.041013
0.090402
0.062701
-0.049016
-0.175050
-0.015516
-0.110985
0.019947
-0.016685
0.099327
0.021104
0.039978
-0.062401
-0.001187
-0.048472
-0.031095
0.005034
-0.014359
-0.040374
0.027885
-0.014698
-0.037886
0.017338
0.024842
-0.089452
-0.241656
-0.000816
-0.047962
0.016608
0.069097
0.069882
-0.022300
-0.028328
-0.058513
-0.036909
-0.009580
-0.035231
0.009100
0.075455
0.012386
0.024634
0.022254
-0.072897
-0.048820
-0.011586
-0.010456
0.017496
-0.090286
0.056408
-0.058367
-0.027532
-0.079167
0.302101
0.095756
0.165214
0.003971
-0.195105
0.049220
0.128087
-0.014511
0.037910
-0.009142
-0.026846
0.018060
0.401944
0.101332
0.056584
-0.042769
0.070427
-0.024372
0.037662
0.051271
0.006463
0.097153
0.027724
0.078075
-0.077311
0.007130
0.032136
-0.024412
-0.003142
0.037650
-0.036229
-0.007951
0.021440
-0.014557
0.044348
0.069671
-0.105161
0.024004
-0.023057
0.014744
-0.100030
0.035194
-0.050729
0.046060
-0.075072
-0.073883
0.059266
0.025372
-0.015056
-0.057192
0.075400
-0.017381
0.025816
0.013302
-0.076765
-0.015254
-0.005279
-0.009794
0.009856
-0.008681
-0.007926
0.003654
0.001409
-0.036708
-0.069974
0.217350
0.017470
0.011600
-0.114720
0.025944
0.074828
0.043047
0.058138
-0.162175
-0.038925
0.027011
0.400016
0.007664
0.126235
-0.093000
0.002968
-0.057240
-0.082234
0.077408
0.042587
-0.140760
0.008263
-0.166183
0.076270
-0.026693
0.025989
-0.228417
0.036035
0.024236
-0.041602
0.014994
0.017385
-0.079411
0.123213
0.103546
-0.045657
-0.033471
0.072368
-0.190897
-0.051503
0.009875
-0.015521
-0.082690
0.011680
0.036450
0.037272
0.121778
-0.021060
0.051864
-0.006763
0.051495
-0.000851
-0.060443
-0.090088
-0.038691
-0.018290
-0.003578
-0.021547
-0.131357
0.033152
-0.030607
0.070204
0.045915
-0.031973
-0.044182
-0.048787
0.055365
-0.012092
-0.085387
0.026874
0.013741
0.067154
-0.055244
-0.063575
-0.023044
-0.088237
0.032711
-0.005851
-0.012928
0.021561
-0.023902
-0.042910
-0.195025
0.201130
0.085258
-0.007329
0.149975
0.029623
0.037053
0.052303
0.015164
-0.005110
-0.069597
-0.008944
-0.031990
-0.094131
-0.032351
-0.059379
0.000190
-0.017051
0.021993
-0.132725
-0.278021
-0.069877
0.047589
0.018309
-0.004497
0.076130
-0.037308
0.010735
-0.124368
-0.032319
0.016744
0.057064
0.086880
0.012643
0.021867
-0.024307
-0.022506
-0.012132
-0.001950
-0.085456
-0.047481
0.011676
-0.027057
-0.075880
0.068627
-0.039129
0.022985
0.104577
0.056567
-0.021233
0.071747
-0.072610
-0.071178
0.006292
0.024255
0.133990
0.034623
0.008657
0.127146
-0.199223
-0.056134
0.002801
-0.057238
0.015719
-0.014250
-0.034146
-0.002828
-0.069441
0.045397
-0.013709
0.171715
-0.024727
0.042189
0.052398
0.033163
0.042515
-0.217561
-0.011117
-0.092328
-0.019884
-0.006783
-0.054629
-0.010678
0.052962
0.005803
0.035217
0.071165
0.061523
0.069936
0.000130
-0.099458
0.205969
0.020583
-0.140272
0.021310
-0.060553
-0.007956
-0.003393
0.067528
0.018945
-0.003959
-0.024173
-0.041142
0.080771
0.043784
-0.120270
-0.012146
-0.056092
-0.019468
0.021184
0.025294
0.007189
0.020324
0.011919
0.044866
-0.011645
-0.075274
-0.011807
0.010295
0.004311
0.014825
0.004597
-0.009968
-0.068936
-0.064086
-0.037516
0.157091
0.005245
-0.012391
-0.040876
0.004257
0.007393
0.026080
-0.029423
-0.011595
-0.085265
0.006856
-0.011027
0.008217
0.111463
-0.076324
0.011680
0.005560
0.023528
0.017816
-0.095206
0.035216
0.009666
0.079339
0.086054
0.039766
0.011385
0.011164
-0.024500
0.022216
0.010084
0.099908
-0.091474
0.074752
-0.001450
-0.008347
-0.009271
0.010617
0.000566
-0.032645
0.041088
0.088541
-0.006166
-0.091635
-0.029005
-0.039570
-0.050690
-0.076057
0.044541
0.035120
-0.040351
0.009743
-0.003835
-0.083267
0.083848
0.064310
0.037082
-0.001719
-0.002537
0.055256
-0.027980
-0.153750
0.018228
0.037374
0.028857
0.025855
-0.029551
-0.081235
0.005240
-0.024473
-0.009681
0.094393
0.071732
-0.008065
-0.103271
-0.033005
0.050998
-0.028563
0.077422
-0.113417
0.015928
-0.011372
0.023977
0.096462
-0.026952
0.056794
0.020164
0.040330
0.063995
-0.128146
0.013034
-0.023287
-0.018703
-0.020750
0.033930
0.046168
-0.108572
0.007938
-0.048101
0.083926
-0.102613
-0.027850
-0.007965
0.015102
0.062580
-0.055499
0.084069
-0.058389
-0.079306
0.025875
-0.020584
-0.056807
0.030124
-0.021649
-0.055406
-0.043787
0.000375
0.029541
0.080406
-0.023418
0.013296
0.028660
-0.012611
0.108062
0.013910
-0.041415
-0.099052
0.023717
0.045409
-0.047769
0.023704
-0.056583
0.006435
-0.004882
-0.016204
0.039047
0.032743
-0.015919
-0.008294
-0.037359
-0.044136
0.075967
0.041253
-0.105584
-0.004752
-0.033083
0.020084
-0.045184
-0.008134
0.027868
0.004159
-0.044750
0.054288
0.073479
0.009756
0.023891
0.057001
0.016922
0.040633
0.017208
-0.091487
-0.039645
-0.007929
-0.013782
-0.055774
0.019604
0.000586
0.020090
0.004952
0.024678
0.113548
0.034513
-0.051028
0.080545
-0.075051
-0.032109
0.040529
0.015919
-0.016870
-0.055932
-0.029254
0.130173
0.047234
-0.027325
0.030741
-0.008925
-0.035038
-0.000100
0.013565
-0.116983
0.037961
-0.037713
0.030497
-0.000265
0.014628
0.043732
-0.010890
0.059633
0.043779
-0.056759
-0.021590
0.045377
-0.017692
-0.049379
-0.013626
0.054632
-0.116670
-0.290248
-0.035037
-0.010295
-0.044535
0.027472
0.016837
-0.002534
0.039968
0.070163
-0.037267
0.008669
0.055446
0.024457
-0.028612
-0.013731
-0.070556
-0.003868
-0.209569
-0.131209
-0.012058
0.008884
0.124667
0.059827
-0.037914
-0.009494
0.166746
0.040840
-0.198481
-0.021012
0.057798
0.011198
0.037854
0.026330
-0.004661
-0.024634
0.012616
0.000244
-0.012162
-0.067200
-0.037663
-0.038646
0.045816
-0.006097
0.033849
-0.157294
-0.038098
0.065979
-0.005246
-0.075404
-0.088146
-0.078770
-0.011985
-0.016673
0.043042
0.009923
0.027931
0.143904
0.000821
0.065940
0.047400
0.104429
-0.048935
-0.051861
-0.033863
-0.350244
0.075470
0.008093
0.035355
0.067397
-0.059714
0.244759
0.019039
0.058365
0.062115
0.008288
-0.079885
-0.030561
0.100228
0.042244
0.081133
-0.002401
-0.282746
0.017492
0.090749
0.075065
0.051879
-0.000430
-0.013407
0.138297
0.046239
-0.017796
-0.108908
0.047724
0.059495
0.047333
0.007147
0.145918
-0.521037
-0.073092
-0.137160
-0.024321
0.161947
0.038691
0.125288
-0.027563
0.013040
0.029272
0.033593
0.013028
-0.123671
0.153683
-0.024427
-0.023854
0.056035
-0.006504
0.020090
0.002979
-0.031748
0.134733
0.000073
0.003702
-0.017011
0.013912
0.043557
0.057499
-0.045155
-0.005932
-0.008288
-0.272025
-0.026605
0.080492
0.012620
0.031544
-0.050670
-0.020560
-0.006215
-0.017340
0.020651
-0.031942
0.000237
-0.042482
0.009500
0.012226
-0.023704
0.001980
-0.137296
0.013643
0.048782
0.000303
-0.021291
0.004909
0.003337
0.059119
-0.006788
-0.003721
-0.033114
0.054562
0.069902
0.057464
0.022849
-0.047717
0.213540
-0.276729
-0.151291
0.064720
0.013466
-0.000311
-0.065759
0.033711
0.060800
0.077069
0.050988
0.004237
-0.002716
0.169354
0.005468
-0.096391
0.028251
-0.020944
-0.008809
-0.041252
0.037066
-0.026523
-0.065633
-0.021228
-0.013072
0.087293
-0.009513
-0.011127
-0.059399
0.010297
-0.174105
-0.248578
-0.019368
0.053907
0.008916
0.134450
-0.048490
0.032069
0.011065
0.071939
-0.055919
0.038757
0.034324
0.035711
-0.062701
-0.068339
-0.085573
-0.060978
-0.194710
-0.005794
-0.000107
-0.034432
-0.072345
-0.017109
-0.005149
-0.039696
0.060752
-0.065918
-0.083237
0.010416
-0.103255
-0.001353
-0.018781
-0.005533
-0.075799
-0.012386
0.003454
-0.005894
0.024761
-0.037802
-0.048650
-0.064678
0.047582
-0.008412
0.038326
-0.141237
-0.041672
0.042114
0.026011
0.010725
-0.018054
-0.195664
0.045550
0.035401
0.036410
0.063615
-0.044551
-0.003146
0.091307
-0.045923
0.036292
0.047784
0.069036
0.018156
-0.182429
-0.307196
-0.005197
-0.094849
0.008810
0.010336
0.034376
0.028640
0.013750
0.060331
-0.096810
0.014950
0.063161
0.020719
-0.005138
0.095847
-0.056022
-0.151377
-0.169676
-0.000958
-0.011601
0.036818
-0.037087
0.009973
-0.081024
0.043735
0.131943
-0.089133
0.104653
-0.004444
0.109135
0.063801
0.005251
0.014148
-0.015343
0.027117
0.015015
0.001874
0.010972
0.048389
-0.075167
-0.051877
0.048096
-0.000952
0.027220
-0.081925
-0.059227
0.007780
-0.004624
-0.044951
-0.026616
0.023601
-0.038889
0.018752
-0.012437
0.183540
0.063630
-0.136548
-0.067502
0.069823
-0.142612
0.047954
0.016127
0.036197
-0.008787
-0.461149
0.241938
0.041757
0.119308
0.004167
0.060893
0.042970
0.202135
0.276208
0.060474
0.027181
0.024389
-0.012524
0.027987
-0.003030
0.195926
0.017753
-0.191341
0.062579
-0.008619
-0.128601
0.040500
-0.018328
-0.047486
-0.098459
0.104634
-0.041888
0.052784
-0.037630
0.105762
0.195036
0.032452
0.107614
0.036187
0.054737
-0.034480
0.088818
-0.000814
0.034729
-0.016176
0.486158
-0.070232
0.045426
0.028356
-0.000794
0.034706
-0.008161
-0.006222
0.058325
0.063431
0.009317
0.033741
-0.015838
0.046975
0.055979
0.006280
0.125195
0.025595
0.070278
-0.152721
0.011228
0.014765
-0.039388
-0.099676
-0.218462
-0.065236
0.036614
0.023405
-0.032782
-0.060593
-0.027080
0.064067
-0.032091
-0.116390
0.047807
0.061804
-0.056476
0.038956
-0.098960
0.057747
0.126283
-0.242506
0.060247
0.000721
0.213967
-0.034339
0.095658
0.101690
-0.013453
0.103849
-0.014299
-0.022247
-0.133966
0.022582
0.055210
0.029321
0.007056
0.049376
0.002079
-0.045687
-0.062182
-0.025940
-0.057526
-0.008476
-0.132620
-0.020816
0.030209
-0.021727
0.009990
0.046615
0.067830
-0.153173
-0.010302
-0.051770
0.013996
-0.006952
-0.148404
-0.005844
0.132365
0.044193
0.018239
0.004465
-0.238708
0.022100
0.051238
-0.026040
-0.010687
-0.068913
-0.341313
-0.037146
-0.090597
0.014585
-0.000449
0.144950
0.064477
0.013002
0.025051
0.020845
-0.043428
-0.036902
-0.125362
-0.010424
0.091971
0.108508
0.044754
-0.194141
0.037178
-0.023338
0.083791
0.011292
0.048645
0.021230
0.028856
-0.089831
-0.096603
0.048573
0.067955
0.018758
0.047067
-0.029433
0.037040
0.008418
0.033250
-0.017266
0.069452
0.058287
-0.006634
-0.025894
-0.035585
0.054459
0.036639
-0.009085
0.024185
-0.039611
-0.002614
0.064945
-0.056786
-0.190102
0.072608
-0.061010
0.059764
-0.036484
0.092733
0.040825
0.003040
-0.023341
0.050512
-0.024103
-0.061368
-0.043221
-0.058409
0.004445
-0.307293
0.006440
-0.021273
-0.119573
0.011441
0.061792
-0.161742
0.044550
0.032867
0.070429
0.028351
0.018291
-0.047514
-0.016747
0.036973
-0.052260
-0.026559
-0.170061
0.018018
0.017929
0.026126
-0.012011
0.032586
-0.041363
-0.033846
0.068958
0.010262
-0.065804
0.013005
0.111940
0.056731
-0.045500
-0.256363
0.191081
0.028277
0.380029
0.154664
0.072529
0.003783
-0.022062
0.085159
0.045694
0.071126
0.010418
0.009771
0.110070
0.032626
0.023605
-0.126059
-0.015767
-0.032250
0.168687
0.072300
0.050536
0.010788
0.077148
-0.064566
0.006236
0.000246
0.062686
-0.003410
-0.014455
-0.034588
-0.072324
-0.302874
0.013269
0.042564
-0.049343
0.014444
-0.255402
-0.276154
-0.015884
0.049254
-0.042604
0.082330
0.031556
-0.113239
-0.013244
0.015507
-0.041593
0.043644
-0.169353
0.045121
0.019656
0.019833
-0.064440
-0.003541
0.001206
-0.008348
-0.031172
-0.029481
0.054974
0.121544
0.030250
0.081424
0.064398
-0.025801
-0.014191
0.139675
0.128647
-0.036616
-0.111484
-0.012387
0.285993
-0.012283
0.100106
-0.018530
-0.001990
-0.005827
0.288794
0.030777
0.113853
-0.101798
0.025251
0.002791
0.058333
0.052714
-0.020293
0.019056
0.007053
0.008513
0.022943
0.011082
0.049167
0.013661
0.020836
0.038472
0.002074
-0.125332
-0.014437
-0.082867
0.018431
0.102075
-0.002891
-0.025099
0.078802
-0.051400
-0.032336
0.055286
-0.019584
0.024688
0.003427
0.059747
0.012107
-0.085746
-0.115120
0.005044
-0.002441
0.034954
-0.033323
-0.002267
0.043580
-0.016103
0.100997
-0.011614
0.020675
-0.021070
0.007324
0.019724
0.059075
-0.016169
-0.004238
-0.003617
-0.002044
-0.037256
-0.031039
-0.079760
-0.011196
-0.130496
-0.003857
0.010214
0.091383
0.014230
-0.065789
-0.010607
0.041386
-0.046150
-0.036068
0.090988
0.008491
-0.126707
-0.042403
0.034653
0.039321
0.353346
0.030657
0.084424
-0.009962
0.099552
-0.017518
-0.034451
-0.017149
-0.253516
-0.024702
0.017579
-0.035760
0.002179
0.022901
-0.007607
-0.092220
-0.017700
0.118670
-0.044168
0.061840
-0.016386
0.096944
0.014157
0.027104
-0.108949
-0.327258
-0.117079
0.053707
0.201469
0.017088
0.000293
-0.006632
0.103844
0.065251
0.032395
-0.012090
0.066023
0.027859
-0.070396
-0.071780
0.036870
0.032957
0.087127
-0.008248
-0.075121
-0.034651
0.074358
-0.018327
0.024769
-0.012659
0.001014
0.078784
0.043262
0.047609
0.046476
-0.081428
-0.018173
0.070265
0.035081
-0.001513
0.024590
0.032457
