(1, 1, 32, 128)
0.023601
0.112786
-0.009453
0.151724
-0.111367
0.142093
-0.018768
0.018676
0.006773
-0.103134
0.042953
0.248688
0.080179
-0.027941
-0.016152
0.044644
0.017669
0.025430
-0.078536
0.136528
-0.086786
0.020954
-0.004627
0.019783
0.015923
0.016984
0.009753
-0.111269
-0.102866
0.093461
-0.081385
0.051980
-0.052716
-0.244676
-0.100646
0.028121
0.009284
-0.161256
-0.088007
0.111326
-0.012777
0.142372
-0.080077
0.030872
0.038596
0.003134
0.076050
-0.110885
0.216711
-0.029359
0.048140
0.346005
0.070531
-0.047087
-0.000580
-0.135209
0.039116
-0.004550
0.160585
-0.151374
-0.024943
0.111383
0.033951
-0.145892
-0.080433
-0.012769
0.049521
0.149335
0.055404
-0.382790
0.021368
-0.024341
-0.081710
-0.019060
0.196665
-0.062219
-0.106045
0.190997
-0.080516
-0.109976
-0.071715
0.006302
0.003903
0.307155
0.117476
0.024907
-0.094010
-0.211547
0.088762
0.053310
-0.169716
-0.190251
0.178181
0.215816
0.009373
0.028608
-0.078467
-0.089985
-0.172952
-0.094464
-0.025757
0.017151
-0.006110
0.008025
-0.069514
0.170521
-0.066210
0.032373
-0.025827
0.006912
0.026323
0.025591
-0.002511
0.026641
0.046725
-0.018840
0.038898
-0.029316
-0.096636
-0.047405
0.068852
0.035305
-0.040717
0.030093
-0.032087
0.044632
-0.102557
-0.012722
-0.046666
-0.023030
-0.021996
0.024200
-0.108394
0.070173
0.052329
0.054775
0.116038
0.135647
-0.019802
0.103727
-0.223419
0.032551
-0.116123
-0.079681
-0.073271
0.009555
0.082569
-0.187929
-0.013430
-0.063839
-0.012841
0.170291
-0.081196
0.018727
-0.087595
-0.083112
-0.062286
0.020851
0.051903
-0.054082
-0.056770
0.016111
-0.004405
-0.079453
-0.041072
0.033433
-0.083598
-0.094889
0.036023
0.000658
0.036732
0.005035
-0.084713
0.047583
0.069517
-0.056577
0.140947
-0.140550
-0.050512
0.068851
0.051578
-0.032089
-0.031477
0.093124
0.002456
-0.009719
0.025981
0.023240
-0.065873
0.000366
0.238599
0.098666
0.062651
0.008896
0.050430
-0.009237
0.266597
-0.092452
-0.000120
0.086216
0.196765
0.067048
-0.001528
-0.064752
-0.223444
-0.010656
-0.010827
0.028837
0.017211
0.057680
-0.005951
0.034630
-0.026626
0.069301
-0.169276
0.005613
0.058952
0.092594
0.130928
0.000391
0.163257
0.003608
0.047183
0.017405
-0.042091
-0.088893
-0.067547
0.066414
-0.120350
-0.061181
0.178878
0.023806
0.021492
0.118399
0.108956
-0.015256
0.014927
0.047603
0.152660
0.065369
0.024168
-0.050677
-0.153628
-0.045343
-0.122697
0.111301
-0.085942
0.026814
0.066696
0.093276
0.140603
-0.124792
0.276973
-0.017324
-0.098698
-0.053898
-0.042519
0.172048
-0.000899
-0.206514
0.180382
0.195125
-0.043306
-0.074540
-0.012443
-0.055191
-0.209167
0.188946
-0.051978
0.014393
0.091356
0.011248
-0.035351
-0.026914
0.036719
0.024898
-0.153050
-0.121345
0.065600
-0.009704
0.100203
-0.114567
-0.024662
-0.112425
0.005386
0.193359
-0.084079
-0.059343
-0.022683
-0.081395
0.311175
0.018453
0.011376
-0.189215
0.060917
0.129015
-0.049009
-0.030015
-0.166960
0.074743
0.025890
-0.053665
0.090503
0.030173
0.073470
0.024842
0.029073
0.071716
-0.113545
0.232315
-0.047348
0.080419
0.042516
0.007717
-0.066221
-0.139431
-0.149479
0.079869
0.045480
0.007278
0.133552
0.043124
-0.152463
-0.127052
-0.080027
0.115111
0.034786
-0.090017
-0.010181
0.014138
0.286794
0.216542
0.153559
0.015974
0.358920
0.041343
0.079948
-0.037792
0.022888
0.020930
-0.010573
-0.112282
-0.062818
0.131174
-0.065472
0.005501
0.220426
0.091867
-0.102509
-0.113412
-0.090395
0.000666
0.129731
0.042142
0.026144
0.014791
0.007336
-0.288722
-0.018424
0.159165
0.171169
-0.009181
0.086743
0.013282
0.011001
0.037036
-0.129376
-0.085415
-0.000858
-0.040602
0.073869
-0.022975
0.019675
-0.106794
-0.071237
-0.157019
-0.062635
0.188351
0.006086
0.003743
-0.024873
0.049804
-0.009942
0.007418
-0.124003
-0.246434
0.051409
-0.235860
-0.002592
-0.164374
0.045567
0.108517
0.054720
0.061232
0.013648
-0.163846
0.005503
-0.088931
-0.004475
0.505263
-0.035206
0.016288
-0.292506
0.032864
0.047385
0.076763
-0.169516
-0.038397
-0.321321
0.025738
-0.149672
-0.168776
0.046440
-0.062888
-0.058641
-0.052169
-0.135861
0.029552
0.075184
0.079063
-0.029582
-0.015102
0.216398
0.087664
0.007774
0.115052
0.284194
0.045531
-0.131146
-0.008407
0.089741
0.209711
0.020044
0.041950
-0.114739
0.131378
0.086987
-0.028590
0.037802
0.157985
-0.049184
-0.051272
-0.067963
0.049229
0.034819
-0.016756
0.048403
0.026106
-0.005783
-0.157199
0.115385
-0.152005
-0.069048
-0.175191
0.018839
0.034076
0.064031
0.054605
0.006415
0.101802
0.010613
0.037266
-0.066192
-0.254216
-0.068743
0.145864
0.018799
0.081993
-0.053364
0.029359
0.286320
0.412820
0.048022
-0.076221
0.061312
-0.513489
-0.307669
0.086190
-0.141982
-0.016866
0.040909
-0.095738
-0.075079
0.035572
-0.027508
0.114864
-0.107145
0.003234
-0.037304
-0.346595
-0.195369
0.021278
0.058375
0.196492
0.012603
0.000396
0.004208
-0.030353
-0.030885
-0.038758
0.034454
-0.092412
0.075419
0.102948
-0.071109
-0.029595
-0.012121
-0.194488
0.028455
-0.313917
0.024641
-0.059724
-0.178172
0.023735
0.089741
0.025327
0.046683
-0.046859
-0.182442
-0.115698
-0.155435
0.010430
0.104313
-0.048210
-0.109049
0.045808
0.239550
-0.061260
-0.012743
-0.012329
0.033828
-0.000771
-0.005425
-0.040271
-0.009088
-0.081545
-0.015789
-0.048411
-0.042448
-0.015875
-0.168838
-0.004820
0.125593
0.076134
-0.031117
0.012558
-0.104320
-0.157507
-0.010774
0.055778
0.188450
-0.220366
-0.016964
-0.086888
0.020185
0.115003
-0.137772
0.161127
0.020350
-0.082431
-0.120527
0.021960
-0.289126
0.085767
-0.075230
0.064318
-0.062036
0.050982
-0.214506
0.091917
-0.099404
0.076782
0.080294
-0.168600
0.029647
-0.072422
-0.066936
0.136107
-0.027111
0.025989
-0.010970
-0.043562
0.074094
-0.114118
-0.175428
-0.213282
-0.109201
-0.020912
-0.010571
0.077011
-0.003787
0.044927
0.036722
-0.047479
0.290658
0.027336
-0.039195
0.108106
-0.056150
-0.003207
-0.231125
0.177147
0.013881
-0.079053
0.004363
-0.078418
-0.033011
-0.002040
-0.048380
-0.031317
-0.063809
-0.084700
-0.060920
0.025779
-0.070603
0.028859
-0.155348
-0.064136
-0.078691
-0.033377
-0.109097
-0.005104
-0.121528
0.156982
-0.218804
-0.182890
-0.099028
-0.139656
-0.006922
0.208900
0.037250
-0.022438
0.059121
0.112780
-0.113387
-0.050670
0.029301
0.102812
0.037683
0.054602
0.116810
-0.068592
0.019774
0.009570
-0.032448
-0.077684
-0.099889
-0.068926
-0.036282
0.008779
-0.034796
-0.007003
-0.049773
-0.053161
0.094282
0.007030
0.142852
-0.038684
-0.004440
0.007814
0.036744
-0.011250
-0.139145
0.048793
0.018366
0.052134
-0.009502
-0.038227
-0.051527
0.013384
-0.025181
0.093925
-0.013192
0.045187
0.054319
-0.065863
0.024066
-0.013767
-0.031195
-0.043668
0.161653
0.062170
0.025750
-0.043046
0.258588
0.198942
0.081781
-0.040702
0.053575
-0.014903
-0.014791
-0.043641
-0.051762
-0.032457
-0.045278
0.024103
0.055742
-0.045379
-0.093554
-0.005415
-0.053535
0.007869
-0.081806
-0.077115
0.001118
-0.027554
-0.039705
-0.027105
-0.013865
0.036924
0.005771
-0.140637
-0.045592
-0.068356
-0.013665
-0.007493
-0.055159
-0.051749
-0.027398
-0.006234
0.047499
0.008775
-0.144917
0.000774
0.063684
0.050939
-0.025231
-0.029218
-0.088659
-0.035114
-0.012410
-0.029706
-0.028279
0.033102
0.049638
0.507388
-0.053413
-0.045447
-0.048905
0.135841
-0.098414
0.024126
0.006630
-0.074318
-0.012950
-0.006947
-0.054746
-0.056388
-0.058951
-0.007239
0.067546
0.011897
-0.081265
-0.095862
-0.005829
0.106316
-0.003304
0.043936
-0.099664
0.027874
0.133342
-0.006842
0.201579
0.000355
0.182895
-0.001054
-0.125070
-0.171903
0.113274
0.001233
0.043406
0.013072
0.039130
-0.033716
0.054533
0.027736
-0.113232
-0.050447
0.040688
0.020831
0.011208
-0.015391
-0.253554
-0.043801
0.141392
0.118025
0.014556
-0.083564
0.077472
-0.042277
0.051843
0.048597
0.071091
-0.034557
0.001908
-0.024340
0.045281
-0.006332
-0.004913
-0.162146
-0.018818
0.033160
0.015903
0.018310
-0.165841
0.010795
0.078672
-0.066495
0.121388
-0.038115
0.031024
0.096058
0.067297
0.061110
-0.059283
-0.068295
-0.051176
0.047053
-0.084439
0.024201
-0.078770
0.041911
0.012128
-0.068441
0.026376
-0.198163
-0.044446
-0.076922
0.038719
-0.205573
-0.074447
-0.045146
0.001459
-0.039987
-0.033099
0.012879
-0.003749
-0.021870
-0.040730
-0.037991
-0.101594
0.046951
0.019593
0.015513
0.014217
-0.020225
-0.032281
0.037552
0.072748
-0.009264
0.093106
0.004372
0.013297
-0.045402
-0.015718
0.008074
-0.220897
-0.029215
-0.040601
-0.005205
-0.114036
0.027830
0.006541
-0.178512
0.032724
-0.029554
-0.033642
0.095110
0.363977
-0.084641
-0.098779
0.007121
-0.170574
-0.007467
0.042180
0.408712
0.017506
-0.013991
0.071659
-0.031911
-0.118369
-0.021231
-0.177048
0.151131
0.034965
-0.011576
-0.031560
-0.003432
0.125684
-0.021931
-0.088333
0.007488
0.088089
0.010904
-0.011714
0.414201
0.019677
-0.008550
-0.038815
-0.011826
0.026060
0.029919
0.050883
0.166648
-0.068901
-0.086739
-0.007434
0.028489
-0.021078
0.002929
0.042507
-0.025952
-0.065641
0.244817
-0.017871
-0.041961
0.001665
-0.036904
0.050045
0.140275
0.034211
-0.067201
0.180664
0.020744
-0.027738
-0.009554
0.000456
-0.104049
0.117703
0.038694
0.010292
-0.038432
-0.185120
-0.063820
0.010661
0.105229
0.149460
-0.071492
-0.125391
-0.107198
0.025292
0.108316
0.135572
-0.043091
-0.105087
0.015537
-0.011323
-0.008400
0.032522
-0.052991
0.418139
0.022716
-0.040273
0.040242
0.010240
0.021955
-0.040324
0.000913
-0.051520
-0.140811
0.001533
-0.008146
-0.071150
-0.084701
0.074468
0.000508
0.104984
0.074568
-0.026542
0.141847
0.001164
0.111987
0.046831
-0.038414
-0.039913
0.047619
0.072179
-0.117093
0.113995
0.044308
0.077618
-0.146994
0.006837
-0.079789
0.116697
0.001870
-0.038992
0.067606
0.034050
0.026822
0.043695
-0.084719
0.096027
-0.002088
0.069450
0.029714
-0.060707
-0.007278
0.035077
-0.135628
0.045065
-0.002198
0.083051
-0.132340
-0.054962
0.091967
0.077776
0.090023
0.000451
-0.161786
-0.207173
0.096567
-0.149673
0.045882
-0.057989
-0.005988
-0.149949
-0.063216
0.055301
0.088926
0.102049
0.088788
-0.063080
-0.075943
-0.057677
-0.051809
-0.017039
-0.002426
-0.035049
0.004716
0.024818
-0.216489
0.060784
0.061163
0.133301
-0.182167
0.195660
-0.043942
-0.110432
-0.101453
-0.075167
-0.016705
0.042078
0.107933
-0.041266
0.072142
-0.013267
-0.110429
0.031614
0.088719
0.076630
0.045973
0.076566
0.098769
0.132443
0.024230
-0.031320
-0.026389
-0.201716
-0.091130
-0.008734
-0.011819
0.016386
0.100438
-0.050143
-0.021895
-0.029446
0.063680
0.036879
0.084205
0.059469
-0.089841
-0.120215
0.276608
-0.054879
-0.034660
0.052947
-0.205675
0.027693
0.190725
0.027580
-0.076663
0.044125
0.079867
-0.121354
0.078716
0.138463
-0.020304
-0.156153
0.096407
-0.146915
0.100542
-0.125551
0.000803
-0.063674
-0.169938
-0.175779
-0.060665
-0.005425
0.037883
0.098541
-0.020156
-0.103696
-0.008614
-0.002371
-0.005526
0.032783
-0.015744
-0.096022
-0.043133
-0.097674
-0.108605
-0.010645
-0.047600
-0.069792
-0.107640
-0.036040
0.024251
0.021259
-0.095507
0.012265
-0.009601
0.060788
-0.116351
-0.014712
0.057170
-0.021476
0.050455
0.101109
-0.099649
0.030494
0.070407
-0.045205
-0.003670
0.020273
-0.180185
0.077483
0.091259
0.067398
-0.063646
0.080671
-0.039007
0.107618
-0.072294
0.162255
-0.196811
0.070000
0.150080
-0.110509
0.106897
0.160279
0.081575
0.005181
0.005342
-0.102850
0.018743
-0.001014
-0.015999
0.132366
0.062301
-0.076723
-0.089099
-0.046808
-0.006069
0.064714
-0.026866
0.173336
-0.045986
-0.057343
0.349738
0.034698
0.081168
-0.034783
-0.339345
0.100033
0.129403
-0.007603
0.110480
-0.146788
0.030451
-0.052614
0.030044
0.068985
0.158233
-0.079344
0.019137
0.049938
0.011955
0.163281
-0.050311
-0.056704
-0.093459
-0.067116
-0.123304
0.015634
0.003658
-0.133545
0.003737
-0.198171
0.005265
-0.059568
-0.037228
0.167389
0.033446
-0.080455
-0.029101
0.017252
0.106342
-0.108897
-0.147969
-0.089560
0.015261
0.017571
-0.133771
-0.023537
-0.011917
-0.074460
-0.156938
0.004922
-0.037646
-0.078197
-0.013325
-0.089728
-0.043621
0.013688
-0.122162
-0.008828
0.034168
0.061234
-0.000897
-0.082636
-0.040291
-0.006294
-0.066273
-0.126018
0.023876
0.174923
-0.024166
-0.009894
-0.022341
0.039225
0.008809
-0.047257
-0.004355
-0.028722
-0.056287
-0.056881
-0.059596
0.059955
-0.032038
0.018766
-0.045349
0.117915
0.110624
-0.031254
-0.172439
-0.219728
-0.061420
0.116723
-0.118927
0.012263
0.018589
-0.148627
-0.100312
-0.159692
0.153469
0.073729
-0.083255
-0.075358
0.011455
-0.106117
-0.016772
0.176837
0.035988
-0.146146
-0.031788
0.074146
-0.023782
0.013111
0.063860
0.034045
-0.135746
0.028037
0.095052
0.029297
0.194577
0.068284
-0.065143
0.143587
0.064151
0.091914
-0.067564
0.015511
-0.012089
-0.005117
-0.018600
0.008485
-0.021836
0.026320
-0.083568
0.121102
-0.014173
-0.152366
-0.112830
0.027204
-0.102856
0.131216
0.026270
-0.045398
-0.081549
-0.121497
0.025217
0.133479
0.049214
-0.099737
0.402362
0.247500
-0.001812
0.017733
0.160838
0.066062
0.089538
-0.014929
0.053290
0.007594
0.120355
0.076151
0.077853
0.113324
-0.045250
0.239090
-0.016734
0.060649
-0.035000
-0.048363
0.014054
-0.080074
-0.033296
-0.017633
0.048452
-0.033919
-0.085292
-0.076314
-0.032031
0.080836
-0.078471
0.080556
0.042255
0.098116
0.019972
0.083310
-0.033016
0.028952
-0.130324
-0.002467
0.019974
-0.163019
-0.050821
0.049279
0.039202
0.155114
-0.119821
-0.027118
-0.003400
0.242929
-0.012202
-0.048490
-0.044164
-0.035547
0.022144
0.024689
0.037692
0.159441
0.019143
0.116687
-0.160205
-0.032304
-0.029573
-0.082194
0.032691
0.268377
0.079338
-0.034822
-0.061753
-0.062101
-0.036124
-0.024538
-0.076834
0.081397
-0.068355
-0.038376
0.046665
0.031441
-0.084300
0.027969
-0.092266
0.015271
0.133633
0.059125
0.002817
-0.012300
-0.104835
0.080494
-0.002128
0.045822
0.050309
-0.182726
-0.010582
-0.103187
0.021342
0.027147
-0.099330
0.012701
-0.070229
0.031690
-0.025456
0.043769
0.127628
0.179097
-0.040918
0.147006
-0.034897
0.154039
-0.073267
-0.005073
-0.005525
0.009305
0.010349
-0.054306
0.065541
-0.144405
-0.085783
0.159835
0.017236
-0.096560
-0.061988
0.037273
0.103590
-0.195878
0.012634
0.049927
-0.010489
0.042965
0.064325
-0.078139
0.027924
0.082141
0.065566
0.080955
0.019908
-0.139072
0.084307
0.093557
0.090055
-0.053612
0.153995
0.062742
-0.092918
-0.041028
0.088350
-0.113124
0.128610
-0.047803
-0.028838
-0.064731
-0.004007
0.012488
0.121269
0.103511
-0.150901
0.119311
-0.128897
-0.094730
0.044978
-0.075002
-0.007515
-0.143802
-0.073963
0.232435
-0.208851
-0.048354
0.173848
0.015825
-0.054336
0.147483
-0.056234
-0.047557
-0.049154
0.098693
0.010454
-0.051266
0.049697
-0.225332
-0.033112
-0.112026
-0.077558
0.068145
0.071066
-0.174605
0.077281
0.179061
-0.077280
0.248249
0.009169
0.241719
-0.040848
0.079445
0.147179
-0.040433
0.108906
-0.061173
0.006220
0.102607
-0.107933
0.069989
-0.077242
-0.220585
0.023195
0.103759
-0.221837
-0.010548
-0.105048
-0.005569
0.050159
-0.205095
0.059401
0.047940
0.114140
-0.141914
-0.012183
0.051645
0.055759
-0.115185
-0.007176
0.224120
-0.038981
0.051748
0.102842
-0.138804
0.005024
0.017797
-0.025072
-0.162644
0.021349
-0.070375
-0.064594
0.030002
-0.016026
-0.032915
0.024740
-0.099634
-0.036615
0.027496
0.177684
0.032501
0.011923
-0.155456
0.033536
-0.089772
-0.152955
-0.006106
-0.064870
-0.026216
-0.079986
0.210576
-0.006870
-0.055396
0.301236
0.008529
0.017618
0.090578
-0.007940
-0.052516
-0.016968
0.011990
0.005367
-0.130018
0.066434
-0.018035
0.084447
-0.001248
-0.160298
0.036381
0.047375
0.035510
-0.084028
0.056055
-0.004349
-0.025868
0.106619
-0.156203
0.021751
0.100345
-0.160689
0.075651
0.072539
-0.028497
-0.040161
-0.075717
-0.067717
0.000306
-0.078684
-0.032792
0.127447
0.107750
0.014183
0.100370
-0.257819
-0.087191
-0.058020
0.015512
-0.000526
-0.178494
0.069272
-0.020860
0.101150
0.159134
0.208367
0.060134
-0.015640
-0.035199
-0.083524
-0.017764
-0.004285
-0.088500
0.083953
0.043927
0.031724
0.039644
0.000626
0.144659
-0.053021
-0.052145
-0.036418
0.013327
0.053911
0.138961
0.037957
0.119601
-0.200353
0.050499
-0.037683
-0.040348
-0.157104
0.239361
-0.107380
0.005161
0.028986
-0.106319
0.041832
-0.195330
-0.234197
0.027345
-0.063938
-0.069582
0.027000
-0.066711
-0.084511
-0.017758
0.026959
0.036202
0.064760
0.016101
-0.085800
0.000941
0.008508
-0.149642
-0.025112
-0.007519
0.061090
-0.041804
0.128934
0.120665
0.019396
-0.083454
-0.123857
-0.135174
0.040619
-0.076723
-0.076870
-0.114694
0.040383
0.014319
-0.034842
-0.134025
0.078740
0.059784
0.001243
0.136090
0.192901
-0.105812
0.033956
0.147211
0.006515
0.083441
-0.122031
-0.047332
0.114015
0.080241
0.043715
0.342552
0.058737
0.072968
-0.122920
-0.270875
0.002672
-0.098269
-0.001643
-0.125290
-0.488377
-0.069163
0.114744
-0.157984
0.014465
-0.086039
-0.006746
-0.056798
-0.054720
0.103629
-0.000639
-0.079612
-0.021144
-0.031073
-0.019759
-0.022593
0.086654
0.060469
0.042044
-0.056836
-0.091586
0.060476
0.040120
0.354757
-0.002795
-0.088494
0.058658
0.067508
-0.176596
0.069017
-0.002254
-0.063543
-0.060526
-0.061934
0.034082
-0.114071
0.101884
0.077183
0.081118
-0.229742
-0.083697
-0.073762
0.041885
-0.047888
0.147334
0.034285
0.031256
0.048568
-0.064601
0.124512
-0.072469
0.062618
0.034996
0.120772
-0.031910
-0.200890
-0.006925
0.182482
0.035421
0.118076
-0.015316
0.078031
0.111155
0.097896
0.239295
-0.124999
0.166247
0.007022
0.346545
0.029283
-0.043272
0.030824
-0.193835
0.044012
-0.060647
-0.024653
-0.072388
-0.201255
-0.029422
-0.179809
0.002480
-0.021317
-0.002419
0.012601
0.113640
-0.168102
-0.055774
0.112999
0.035101
-0.069212
0.086577
-0.044641
-0.023961
0.122666
0.024371
0.194388
-0.022334
-0.044256
-0.013922
-0.149228
-0.081802
-0.122080
0.192312
-0.044029
0.057987
0.009595
0.182938
-0.042670
0.027279
0.013377
-0.108328
-0.046309
-0.031529
0.041802
-0.012365
0.034489
-0.087215
-0.060135
-0.098089
0.158440
-0.034777
0.058930
-0.033202
-0.069748
-0.004001
-0.112927
-0.026535
-0.094459
-0.089383
-0.137007
-0.122071
0.068786
-0.044295
-0.104295
0.005261
0.047484
0.107929
0.016977
-0.011394
-0.040121
0.086763
-0.084347
0.067395
-0.007254
-0.020714
0.115186
0.107508
0.051837
-0.041905
0.074853
0.078326
-0.108558
0.018597
-0.077778
-0.106541
-0.128653
-0.047316
0.007611
-0.028807
0.012886
0.042673
0.105962
-0.172265
-0.018845
0.021304
-0.006243
0.086092
-0.145309
0.100179
-0.035167
0.004862
0.004536
-0.045046
0.025054
-0.010793
-0.038505
-0.131321
0.097305
-0.062627
0.032764
-0.087847
0.032099
-0.073848
-0.036656
-0.073538
-0.125338
0.041592
-0.055174
-0.108942
-0.030642
-0.045420
-0.179688
-0.188175
-0.077947
-0.307272
0.004906
0.162309
0.091790
-0.037100
0.142776
0.002419
-0.051593
-0.018645
0.061338
0.210441
-0.044609
-0.123888
-0.187111
0.044281
0.104487
0.212431
-0.084783
0.026698
0.080894
0.015050
0.012595
0.059739
0.064157
0.097075
-0.084034
-0.147890
0.043064
0.215108
-0.070224
0.015651
0.078214
0.355143
-0.067130
0.006353
-0.471875
-0.001687
-0.066909
0.085443
-0.005277
-0.047380
0.048208
0.095864
-0.006504
0.327141
0.039558
0.147006
0.051846
0.003829
-0.260564
-0.207395
0.041644
0.006556
-0.058374
0.005196
-0.282051
0.126405
-0.160155
0.305572
0.039765
0.107097
0.020640
0.052145
0.072343
-0.151482
0.043139
0.031064
0.019314
-0.439040
0.123820
-0.009467
0.031470
-0.197804
0.064375
0.010233
-0.068632
0.039132
0.054240
0.096993
0.012480
-0.026739
-0.030675
-0.136533
0.120660
-0.225978
-0.152632
0.449453
-0.036514
0.000257
0.087776
0.050312
-0.250878
0.022037
-0.031590
0.140451
-0.144363
-0.126013
-0.129211
0.044987
0.051012
0.100977
-0.055408
0.066173
0.287875
-0.424563
-0.035596
-0.020490
0.044643
0.196611
-0.051249
-0.129476
-0.137825
0.029531
0.085402
0.127473
-0.245150
-0.106801
0.010874
0.092666
0.064530
0.167133
-0.068536
0.163878
-0.274449
0.035595
0.064867
0.091014
0.065121
0.010335
-0.080191
0.002450
0.014600
-0.015081
-0.019389
-0.010288
-0.173564
-0.089637
0.029431
-0.076642
-0.018831
-0.011128
0.075778
0.102287
0.025196
0.004024
-0.048311
0.162648
-0.204770
0.114980
-0.032663
-0.138663
-0.012297
0.018559
-0.008056
-0.049521
-0.104596
-0.069845
-0.039868
0.054175
-0.054552
-0.029751
-0.175175
0.040336
0.097762
0.029920
-0.050913
0.013559
0.151483
-0.079166
-0.014848
-0.009152
0.035666
-0.048174
0.065309
0.061521
0.155048
-0.077726
-0.123744
0.001779
0.037158
-0.050111
-0.096359
-0.030706
0.157354
-0.145696
0.083602
-0.059008
0.031026
-0.040418
-0.229745
0.002087
-0.154865
-0.122615
0.013400
-0.039973
-0.057568
-0.014148
-0.086037
-0.018667
0.106158
-0.099762
-0.006194
0.011269
0.088031
0.050821
0.094933
-0.060861
-0.007211
0.101207
-0.038051
-0.055951
0.004763
0.018372
-0.050228
0.074553
-0.065186
0.072849
-0.192464
0.107691
-0.092771
-0.010722
0.008652
-0.077918
-0.026863
-0.086353
-0.063838
0.005202
-0.065594
-0.052326
-0.088880
0.105977
-0.062937
-0.059137
0.029508
-0.073656
0.022524
-0.045526
-0.101852
-0.098870
-0.028289
-0.106596
-0.187376
-0.059011
-0.033876
0.016361
-0.035343
-0.073892
-0.169236
0.001913
-0.037533
0.021177
-0.026871
-0.165665
-0.167028
-0.193866
0.021314
0.420081
-0.120962
0.040888
0.036235
0.148240
0.161981
-0.174496
0.065381
0.030877
-0.037263
0.189884
-0.054484
-0.212158
-0.029790
0.088902
0.009626
-0.133755
-0.080913
0.071847
0.052767
0.061857
-0.053370
-0.059243
-0.001815
-0.023856
0.282874
0.020289
0.099870
-0.045633
0.201187
-0.027966
0.104831
0.004853
-0.053765
-0.147024
0.067464
-0.003588
0.170692
0.121287
-0.067370
-0.168294
0.004547
0.081675
-0.052648
-0.046802
0.094774
-0.075524
-0.036209
0.008583
-0.022342
0.123665
-0.021768
-0.116493
0.049232
0.079506
0.020527
-0.072596
-0.069579
0.034484
0.001968
-0.026131
-0.075856
-0.038645
-0.119308
0.148364
0.211910
0.153982
-0.118885
0.005177
0.080952
0.041111
0.043904
-0.049737
0.034813
0.051229
0.086614
0.089469
0.113550
0.045787
-0.097648
0.130946
0.050612
0.120625
0.084449
0.054099
-0.074559
-0.023096
0.082556
0.030564
0.124214
0.062462
0.053257
-0.059869
0.035655
-0.086508
0.081320
-0.042978
-0.089300
-0.027424
-0.102961
-0.060930
-0.042360
-0.049485
-0.026597
-0.000503
0.095675
-0.089339
0.079846
0.092583
0.010772
-0.155322
0.120492
0.053058
-0.075519
-0.109014
-0.075229
-0.014532
0.004238
0.015946
0.071509
0.010790
-0.005462
-0.087392
-0.027785
-0.009907
-0.000110
-0.099535
-0.172190
-0.046933
0.107425
0.111884
-0.100858
0.032913
0.030602
-0.028191
0.095559
-0.019288
-0.123858
0.073327
0.110920
-0.297429
-0.088160
0.009456
-0.061681
0.024932
0.193484
-0.037923
-0.147699
0.034472
-0.028712
0.038804
0.105802
0.031075
0.196601
0.085222
-0.052065
-0.017010
0.134004
-0.035219
-0.095823
-0.005782
0.462157
-0.016285
0.038093
0.045407
0.010833
-0.114734
-0.093320
-0.040411
0.001504
-0.025174
-0.013552
0.072712
0.072859
0.012870
-0.073888
0.053442
0.061576
0.009292
0.007073
0.131126
-0.091823
-0.055997
-0.147529
0.034140
-0.043032
0.110252
0.011838
-0.141537
0.231788
-0.167346
-0.163383
0.042270
0.110611
-0.116094
0.121074
0.006818
0.108896
-0.062805
-0.027848
-0.078971
-0.056027
-0.027533
-0.050619
-0.049086
-0.066939
0.151044
-0.120132
0.047351
0.015594
-0.120771
-0.042122
0.013882
0.041783
0.019101
-0.119656
0.046480
0.078990
0.204735
0.102525
0.033188
-0.069730
-0.017545
0.019533
-0.037414
-0.001485
0.067989
-0.192732
-0.057676
0.005862
-0.043133
-0.039666
-0.116313
0.062693
-0.113459
-0.023831
0.061674
0.112921
0.090568
0.068973
0.152438
0.043149
-0.025346
0.058668
0.111963
0.328464
0.006907
-0.076214
-0.057564
0.048748
0.023027
0.046458
-0.000971
0.205172
0.102545
0.077096
-0.057284
0.027747
0.168163
-0.133656
0.152440
-0.151120
0.070759
0.037663
0.043034
-0.015374
-0.073671
0.118265
-0.025552
-0.041397
-0.049150
-0.209497
0.017939
-0.081664
-0.106356
0.008374
0.110375
-0.111478
0.042919
0.031133
-0.030619
0.005656
-0.136336
-0.052225
-0.069881
-0.002313
-0.067700
0.020027
-0.041599
0.019338
0.043979
0.026760
-0.028444
0.128015
0.036836
-0.080517
0.073745
-0.018367
-0.154359
0.020832
0.046603
-0.065375
-0.194643
0.019123
-0.000565
0.051785
0.056165
-0.098291
0.049577
0.032350
0.341904
-0.056580
0.112664
-0.088886
0.033432
0.301611
-0.125316
0.014899
-0.030643
0.075828
-0.143969
-0.164297
0.010285
0.013651
0.048585
0.025906
-0.092497
0.080676
-0.014581
0.008443
0.016105
0.034818
0.025595
0.117651
0.076616
-0.056140
0.061917
-0.097361
0.033908
0.311214
0.120177
-0.007480
0.063557
0.147916
-0.081027
0.045399
0.010706
-0.117470
-0.123072
-0.074262
-0.117302
0.250853
-0.174405
0.038307
0.033845
0.052316
-0.134445
0.052540
0.066507
-0.062804
-0.059508
0.052851
-0.176146
-0.204980
-0.065092
-0.089220
0.220399
-0.012246
-0.011496
-0.114244
-0.024913
-0.030405
-0.011260
-0.006379
0.182900
-0.006561
-0.142361
0.022101
0.208676
0.016023
0.042705
-0.006586
0.020298
0.201141
-0.022397
0.162557
0.009017
0.047319
-0.031878
-0.018582
-0.100324
-0.097589
0.127212
-0.089175
-0.092929
0.083527
0.160446
0.003475
0.156101
-0.000329
0.030867
0.189503
-0.036772
-0.113456
0.011070
0.080924
0.065158
-0.164374
-0.161089
0.044683
-0.052445
-0.069286
0.010425
0.227876
-0.048041
0.042162
0.026725
-0.063804
-0.033688
0.019912
0.134269
0.040900
-0.023746
0.137714
-0.090685
0.053887
-0.247174
-0.005431
0.156015
0.048043
-0.059920
0.002820
0.148152
0.120297
-0.033703
-0.119303
-0.185176
-0.051946
-0.150987
-0.043762
-0.000976
-0.048068
-0.120382
0.033468
0.001372
-0.190278
-0.013645
-0.097211
0.028063
-0.003091
-0.019347
-0.150250
0.013204
0.275673
-0.133458
0.074959
-0.055339
-0.027636
-0.088707
-0.024182
-0.100842
0.006966
-0.097574
0.069663
0.272910
-0.039046
0.119521
-0.035317
-0.052584
-0.089289
-0.000342
-0.112804
0.306953
0.003602
-0.032811
0.013638
0.039869
-0.094996
-0.034367
0.040243
-0.078310
-0.016089
-0.013008
0.081601
-0.060128
0.124102
-0.032702
0.023239
0.008181
-0.012059
-0.220796
-0.132560
0.037271
-0.039709
0.025529
-0.121420
-0.069875
0.022204
0.008477
-0.006266
-0.097842
-0.078883
-0.119895
-0.001455
0.037557
-0.223651
0.018482
-0.061810
-0.111539
-0.088455
0.092058
-0.165191
-0.158219
0.024412
-0.058486
-0.111830
-0.114897
-0.113757
0.178300
-0.149457
-0.007192
0.031199
-0.084020
0.236365
-0.033581
-0.088663
-0.114631
-0.172861
-0.068799
-0.173746
-0.127073
0.033014
0.127943
0.126274
0.088826
0.179831
-0.149822
-0.074230
0.065039
0.101317
-0.147677
-0.157167
-0.039972
0.074386
-0.032715
0.031386
0.096501
0.002509
0.007107
0.146772
0.004261
0.009154
-0.004397
0.031594
0.114550
-0.004383
-0.093605
0.057411
0.169717
-0.149151
0.063802
0.028204
-0.026309
-0.153190
-0.052179
-0.108823
0.148031
0.036538
-0.059629
0.060608
-0.100478
0.009450
0.146197
-0.142767
0.032906
0.071053
0.026564
0.237652
0.002484
0.089768
-0.105259
-0.046891
0.049893
0.020268
0.165243
0.038396
0.032922
0.089318
0.037064
-0.348904
0.097611
-0.091324
0.101366
-0.104114
0.088192
0.021615
0.199278
-0.120531
0.055325
-0.258206
0.073736
-0.261835
0.135285
0.127777
-0.247247
0.067030
-0.122283
-0.107742
0.114495
-0.213433
-0.004673
0.049457
-0.192225
0.055348
-0.068212
-0.074205
-0.079054
0.085816
0.017605
-0.045902
-0.007949
-0.064158
-0.087366
-0.123576
0.010971
-0.225874
0.005704
0.188854
-0.136738
0.027248
-0.139865
0.107734
0.104828
0.160358
-0.008787
0.072610
-0.051571
0.097079
0.166102
0.021771
-0.123569
0.009797
-0.047236
0.000808
-0.022782
0.453568
-0.212231
-0.019928
-0.057435
0.117285
-0.002048
0.082252
0.073444
-0.023932
-0.065966
-0.115437
0.001835
0.085073
-0.128273
0.005134
0.011216
-0.083541
-0.028780
-0.107546
-0.087412
0.038787
0.090096
0.040468
-0.026376
0.084992
-0.023687
-0.157309
-0.020619
0.037522
-0.077101
-0.006615
-0.041217
-0.013118
0.035013
-0.024762
0.059815
0.026558
-0.065657
0.349003
-0.022808
-0.101743
-0.106304
-0.063816
0.086247
-0.008327
0.066117
-0.070395
0.116944
0.448260
-0.033725
-0.065124
0.026014
0.040337
0.178225
0.020382
0.070053
0.069057
-0.093139
0.081996
0.012642
0.068044
-0.090572
0.108333
-0.021093
-0.109773
-0.022213
-0.082537
-0.000165
0.349746
-0.157662
-0.057010
-0.089142
-0.052883
0.007780
-0.125974
-0.105761
-0.012484
-0.041282
-0.046105
-0.001047
-0.014085
-0.007140
0.199097
-0.076560
0.166589
-0.104034
0.074970
0.046121
-0.077801
-0.048119
0.038302
0.032084
-0.016914
0.007426
0.214863
-0.025102
0.413137
-0.043617
-0.020823
-0.055289
-0.026966
-0.089790
-0.019362
-0.018094
0.048018
0.095868
-0.004616
-0.041862
0.115239
0.007194
-0.031641
0.032981
-0.122107
0.040967
0.052867
-0.099222
-0.100132
-0.008737
-0.043304
0.049548
0.131202
-0.043842
-0.065821
-0.041249
-0.050175
0.010785
0.050345
-0.095954
-0.009654
-0.066394
0.001810
-0.036215
0.108823
-0.084331
0.074541
0.013835
-0.028717
-0.043820
-0.072936
-0.031317
-0.049538
0.077284
0.055153
0.099486
-0.099253
0.162377
-0.115953
0.056232
0.287176
0.179874
-0.004198
-0.136194
-0.116181
-0.065956
0.042253
-0.053420
-0.054362
-0.053436
0.097422
0.186555
-0.231862
0.009647
-0.056728
0.046565
-0.149523
0.121746
-0.108279
-0.006958
-0.052728
-0.035438
0.098474
-0.093406
-0.053914
-0.108628
-0.105112
0.002385
-0.153117
-0.039972
-0.039597
-0.073021
0.178020
0.016705
-0.096534
0.118195
-0.074482
0.263120
0.104230
0.035876
-0.011946
-0.088557
-0.004840
-0.020889
0.021700
-0.176666
-0.102927
0.019422
0.056059
-0.059525
0.174372
0.231158
-0.212231
-0.055558
-0.099996
0.196729
-0.151539
0.085392
-0.067040
0.016337
0.060459
0.021194
-0.010183
-0.090049
0.128476
0.232014
-0.003740
0.099105
0.105942
-0.084357
-0.106811
0.042784
-0.012318
0.012284
-0.025336
0.063445
-0.101163
0.191507
-0.154221
-0.060877
0.045768
-0.004469
0.071516
0.116047
-0.045317
-0.060741
-0.069298
-0.012428
-0.098221
-0.024686
0.068655
0.022923
-0.017180
-0.053283
-0.016151
0.026029
0.083770
-0.033213
-0.017454
-0.042811
-0.037397
-0.063395
0.172301
0.013653
0.081046
-0.205069
-0.016227
0.045226
-0.095725
0.030991
-0.140612
0.002431
-0.083779
0.073168
0.113838
0.028170
0.154711
0.057513
-0.053631
-0.036605
0.106122
0.027278
-0.088644
0.043664
-0.023482
-0.110044
-0.201272
-0.047524
-0.204173
-0.067642
-0.176636
0.026399
-0.012588
0.003958
0.072402
-0.087476
-0.194921
-0.031149
0.058252
0.022843
-0.006389
0.218281
-0.053510
0.057018
0.088864
0.006899
-0.144050
0.053476
0.024348
0.059788
0.136790
-0.069542
-0.075176
0.066021
0.070458
0.070611
-0.194031
-0.010395
0.019976
-0.096698
-0.062315
-0.076950
0.031828
-0.151519
-0.042085
-0.043210
0.017649
-0.127206
-0.150924
0.086015
0.013506
0.053373
-0.127656
-0.036754
-0.201646
-0.026359
-0.022013
0.289097
-0.135609
0.023056
0.099052
-0.049411
0.046384
-0.143857
-0.057634
0.105036
-0.120923
-0.068396
0.170820
-0.023295
-0.112550
0.103124
-0.080189
0.033805
-0.044593
0.021590
-0.025542
-0.117406
-0.045275
-0.096488
0.124748
0.047343
0.084615
0.047292
-0.017151
-0.027696
-0.034707
-0.007888
-0.013042
0.141654
-0.045108
0.017455
-0.002490
-0.040761
0.046489
0.127192
0.090929
-0.036189
0.063091
0.037736
-0.111562
0.124607
-0.000120
-0.047331
-0.114357
-0.004220
-0.088715
-0.024045
-0.039915
-0.049254
0.004568
-0.020569
-0.172423
0.088163
-0.094161
0.087880
-0.000159
-0.112956
0.157715
0.032719
0.182465
-0.128231
-0.152725
0.010949
0.134218
-0.082344
-0.006261
-0.182592
0.162900
0.000790
0.018285
-0.070475
0.026494
-0.067624
0.154524
0.030950
-0.003053
-0.136679
-0.172748
0.089303
-0.082767
0.119053
-0.089269
-0.043371
-0.088470
0.003056
0.005898
0.101303
0.006133
0.086704
0.205221
-0.033280
-0.021970
-0.135595
0.038629
0.045226
0.050696
-0.034598
0.057076
-0.113024
0.130791
-0.152848
-0.050559
-0.169713
-0.088924
-0.021120
0.003497
0.262924
-0.180217
-0.145595
0.036053
0.033087
0.223920
0.056154
0.092429
-0.140718
-0.117491
0.018642
-0.154806
0.077410
0.077023
-0.208487
-0.090326
0.091415
-0.175382
0.107133
0.229469
0.082439
0.120382
0.260171
-0.151597
-0.265980
0.195674
0.173980
-0.042878
-0.135841
-0.085600
-0.117060
0.144363
0.147309
0.032108
-0.102931
-0.070360
0.165528
0.056505
-0.080110
0.051802
-0.064262
0.056088
0.081550
-0.016138
0.058613
-0.071377
0.165619
-0.010448
-0.015618
-0.059664
-0.024311
0.190519
-0.020752
0.009916
-0.130709
-0.079112
-0.006017
0.074433
0.010246
0.007154
0.010352
-0.121726
-0.075443
0.096832
0.035256
0.064647
-0.045470
0.067406
0.089171
0.082741
-0.298738
-0.045989
0.105596
0.287236
0.045129
0.024773
-0.077466
-0.153696
0.151418
0.095924
0.024736
-0.074867
0.008135
-0.212723
-0.003704
-0.126098
0.209108
-0.060198
0.014514
0.000183
-0.065505
0.032966
-0.078473
0.076365
-0.078189
0.005131
0.014598
-0.097531
0.151318
-0.043404
-0.052707
0.074216
0.022059
0.061235
0.098183
-0.029918
-0.050213
0.186558
-0.274030
0.135020
0.022310
-0.140520
0.028259
-0.107578
-0.081476
0.096126
0.019915
-0.020881
-0.085479
0.050128
0.023616
0.237166
0.141654
-0.024183
-0.040083
-0.027778
0.083394
0.091881
-0.077714
-0.004986
-0.106719
-0.020176
-0.004990
0.047807
0.030309
-0.052417
-0.049807
0.057527
-0.057039
-0.031799
-0.312074
-0.142458
0.019452
0.030123
0.086609
-0.032577
-0.029831
-0.027304
0.129254
0.043215
0.004101
-0.019000
-0.004074
0.081441
-0.008268
0.005314
-0.178032
-0.033679
0.230072
0.060248
0.007149
0.022083
-0.023161
-0.085991
0.078364
0.031270
-0.027941
0.043507
0.257307
-0.064568
-0.032848
-0.013526
-0.203312
-0.030467
0.041562
-0.135056
0.027787
0.030220
0.034530
0.061490
-0.078835
0.025215
-0.085311
-0.017001
-0.003400
0.106387
0.606770
0.199922
0.031082
-0.007928
-0.087908
0.095641
-0.026174
-0.027044
-0.174372
0.171696
-0.028503
-0.063737
-0.033521
-0.068348
0.020977
0.049317
-0.045504
0.022691
-0.000982
0.012483
0.048684
-0.021709
0.165048
-0.034405
0.006517
-0.031185
0.027719
-0.084033
-0.101426
-0.000722
0.073638
-0.077708
-0.020298
0.075384
-0.042558
-0.140639
-0.151857
0.138023
0.112912
-0.124325
-0.050704
-0.028242
-0.091570
-0.134826
-0.022250
-0.034272
0.007481
0.248798
-0.036622
-0.036654
-0.120623
-0.018294
0.003510
-0.092783
-0.103919
-0.033344
0.308325
-0.014374
-0.124141
-0.028114
-0.033986
-0.026767
-0.146118
-0.145846
0.028037
0.074735
0.176058
-0.019061
0.099499
0.059367
-0.015651
0.154578
0.004862
-0.051962
0.017515
0.081613
-0.077840
0.114702
0.031197
0.027053
-0.087059
0.062287
-0.017393
-0.281030
0.113805
-0.014602
0.045900
0.042281
0.053147
0.004777
0.059573
-0.012597
0.012048
-0.114294
-0.087380
0.132947
-0.096132
0.044055
0.087840
-0.046819
-0.002536
0.001866
-0.122060
-0.033406
-0.056622
-0.032697
-0.096136
0.030830
0.035041
-0.043194
0.114309
-0.075209
0.049076
-0.136680
0.062810
-0.139183
0.010331
-0.012737
0.042228
-0.079905
0.320602
0.069819
-0.068315
0.052574
-0.046728
0.003258
0.022212
-0.074498
0.042734
-0.044443
0.137919
0.065978
0.051880
-0.133302
-0.053084
0.218872
-0.016701
0.056590
0.142253
0.089728
-0.015862
0.119496
-0.025261
-0.123560
-0.028527
0.184927
0.139495
0.047490
-0.078549
0.113235
-0.096352
-0.092685
0.030852
-0.095497
0.034203
-0.031012
0.114457
0.261086
-0.048216
0.043165
-0.061655
-0.037208
0.010271
-0.060825
0.124001
0.124676
0.144196
-0.098913
0.023358
0.076966
-0.140477
-0.104154
-0.058906
0.041780
0.010437
-0.079946
-0.089229
0.041670
0.075377
0.010117
-0.054850
0.017624
0.037068
-0.002366
-0.123044
0.028232
0.024274
0.042344
0.177491
-0.222363
-0.015736
0.169305
0.020069
-0.133406
-0.070754
-0.053490
0.021434
-0.023658
0.156385
-0.094489
-0.178621
-0.020078
-0.005192
0.001287
-0.075720
0.201292
0.223942
-0.057257
-0.049976
-0.035511
0.015514
-0.026072
-0.137578
-0.122681
0.094493
-0.108708
0.093332
0.106735
-0.118574
-0.054888
0.048805
0.014197
0.101277
-0.336825
-0.036027
-0.160700
0.014083
-0.076532
-0.000389
0.007017
0.133101
-0.163147
0.017036
0.125997
0.071857
-0.139159
0.003812
-0.101565
0.099234
0.036876
0.065080
-0.051957
-0.062963
-0.100961
0.171565
-0.013165
-0.037471
-0.033717
0.043658
-0.181627
0.106554
0.038941
0.206550
-0.002219
-0.011961
0.057873
-0.022022
0.164019
-0.070886
-0.124051
0.008342
0.076111
-0.001590
0.024138
0.142930
0.132146
0.028037
0.140207
0.160148
0.014673
0.240468
0.085424
0.007913
-0.089116
-0.001071
-0.114901
-0.007750
0.090689
-0.121414
-0.115576
0.072418
0.061752
0.353875
-0.109852
0.025714
0.025985
0.107045
0.087606
-0.035443
-0.136131
-0.122769
-0.037752
-0.084631
-0.062884
-0.084513
-0.288611
-0.044851
-0.242408
0.132950
-0.260121
0.045954
-0.059492
0.046324
0.057953
0.001911
-0.001583
0.086897
-0.048012
-0.027116
-0.109574
0.180637
0.051991
-0.057918
-0.007752
-0.058906
-0.105359
-0.114623
-0.147681
0.178428
0.046286
0.018945
-0.034895
0.006755
0.087758
-0.118288
-0.096094
-0.039228
0.074328
-0.080428
0.011141
-0.093579
0.131702
0.026437
-0.061381
-0.053701
0.009883
0.131820
0.101175
-0.001927
-0.189926
0.166098
-0.032159
-0.098246
0.021586
-0.111118
-0.000690
-0.118407
0.118050
-0.020374
-0.103046
-0.002915
0.106790
-0.123352
0.004301
0.073870
-0.079303
0.012975
-0.109519
-0.029251
-0.053172
-0.015522
0.021268
0.009318
-0.136780
-0.076923
-0.051787
0.049348
0.146826
0.028222
0.030102
0.032580
0.043173
0.064694
0.043259
0.035342
-0.036302
-0.012185
-0.094943
-0.026215
0.006372
0.093360
-0.145061
-0.076199
0.020268
-0.005070
0.188944
-0.018132
-0.044869
-0.010303
-0.131075
-0.179002
-0.193452
0.112988
-0.075513
-0.094059
0.028169
0.110984
0.061869
0.031741
-0.018673
-0.017589
0.055982
0.070936
0.065808
-0.021877
-0.103779
-0.042118
0.121361
0.095371
-0.138784
0.223598
0.098591
-0.029286
0.116956
0.003542
-0.023282
-0.188701
0.242312
0.012795
-0.139388
-0.054279
0.217106
-0.089985
-0.108956
0.099062
-0.158604
0.037235
-0.007640
-0.006143
0.018059
-0.010850
0.290074
-0.093735
0.005642
-0.066910
-0.104654
-0.010076
0.099291
-0.068938
0.005159
0.059569
-0.103565
-0.117250
-0.191925
-0.078237
-0.019720
-0.159365
-0.063018
0.016318
0.012139
0.123720
-0.023285
-0.030722
-0.089381
-0.097606
0.119308
-0.075421
0.047673
0.034734
0.034923
-0.032741
0.011509
-0.128750
-0.061124
-0.073082
0.321454
0.071109
-0.140112
-0.070743
0.094110
-0.033175
0.282636
0.152989
-0.150354
-0.096339
-0.031918
0.115462
0.002639
0.171449
-0.018913
0.068645
-0.145329
-0.132092
-0.063046
-0.045372
-0.084850
0.069782
0.165297
0.011447
0.058466
-0.023856
0.143769
-0.156504
-0.055093
0.083414
0.028979
-0.166814
-0.037388
-0.059614
0.043471
0.025173
-0.054112
-0.088996
0.233241
-0.008266
-0.031198
-0.019173
0.035675
0.051798
-0.110484
-0.024106
0.081315
-0.087105
-0.006210
0.031218
-0.059075
0.019103
-0.131265
0.147151
-0.038577
0.021769
-0.000899
0.237048
-0.097937
-0.004617
-0.097712
0.109501
-0.061200
-0.104516
0.361228
0.133198
-0.006054
0.034814
0.075051
-0.089088
0.103123
-0.071448
-0.187154
-0.051838
0.006182
-0.065837
-0.186148
0.025011
-0.017312
-0.077697
0.095076
0.324646
-0.024686
-0.001769
0.002369
-0.029935
0.049746
-0.110825
-0.039675
0.051975
0.163261
0.059651
0.111424
-0.132341
-0.092179
0.053188
-0.085038
-0.087393
-0.017905
0.180914
0.008389
0.054519
0.061469
0.173615
-0.130118
0.033299
0.134047
-0.014631
-0.019643
-0.082697
0.089158
0.181047
-0.097027
-0.086885
-0.110793
0.045600
-0.117286
0.025337
0.170199
-0.092374
0.261827
-0.057514
0.089727
-0.024000
0.000826
0.024414
-0.057240
-0.003394
-0.059822
0.181186
0.102383
0.131055
0.127531
0.127225
-0.069684
-0.041907
-0.189615
-0.112057
-0.017061
-0.126623
0.060610
-0.093866
0.378661
0.084078
-0.014130
-0.029400
-0.088365
-0.080994
-0.125045
0.119165
0.227631
0.060131
-0.002662
-0.310540
-0.059011
0.279260
-0.043369
0.155720
-0.031307
-0.120239
0.079289
-0.097359
-0.107883
-0.067384
-0.117454
-0.010787
-0.090691
-0.120113
0.358505
0.107321
-0.059363
0.125824
-0.141792
-0.088700
-0.113874
-0.193229
-0.111617
-0.123506
-0.096850
-0.029966
0.135773
0.046627
0.018541
0.180746
0.101023
-0.082750
-0.053989
-0.013462
-0.132736
-0.141442
-0.167565
0.042906
0.013291
-0.009578
0.048227
-0.009798
0.040572
0.101616
-0.061811
-0.157089
-0.124803
-0.202060
-0.096591
0.044979
0.171985
0.033519
