(1, 1, 128, 32)
0.090563
0.029118
-0.256247
-0.186561
-0.006587
-0.020654
0.033355
0.006756
-0.039390
-0.016800
0.107564
0.284156
0.075637
-0.019976
0.050504
-0.069947
0.115096
0.156270
-0.056798
0.219079
0.092714
-0.107034
-0.084780
-0.092726
-0.024627
-0.148109
-0.083893
-0.132497
0.210544
-0.203099
-0.198114
-0.186657
-0.042394
0.061147
-0.086848
-0.017383
0.171751
0.083393
0.063094
-0.059014
-0.003350
0.003517
-0.138064
-0.124885
0.309140
-0.086615
-0.073756
-0.053346
-0.055237
-0.076414
-0.216700
-0.030716
0.250131
-0.078376
0.048859
0.042755
0.209159
0.070961
-0.017124
-0.142428
-0.123628
0.121509
-0.264980
-0.003363
0.196907
-0.067712
0.038630
-0.217534
0.177685
0.075489
-0.005086
-0.041698
0.031360
-0.136901
-0.040334
-0.055927
-0.020965
0.044551
0.039331
-0.026251
-0.109976
-0.050686
-0.219707
-0.212785
0.104318
0.027012
0.126611
0.160860
0.001831
-0.065198
-0.220053
-0.106197
-0.035428
-0.104620
0.029916
0.267461
-0.104443
-0.103060
-0.081264
-0.022498
0.034427
-0.067745
-0.021835
0.068131
-0.010642
-0.030534
-0.019498
0.141426
0.005269
-0.093270
0.202672
-0.045395
0.198423
0.212675
-0.076191
-0.115521
0.165675
-0.127759
-0.070640
-0.056416
-0.019688
0.235399
-0.059570
0.073429
-0.123792
0.217114
-0.196356
-0.134066
0.025775
-0.005238
-0.030660
-0.003033
0.097166
0.178649
-0.382113
0.039283
-0.127393
0.333939
0.054794
0.035973
-0.296984
-0.074785
0.037281
0.081851
0.016275
-0.086239
-0.173655
0.024666
0.117654
-0.048201
-0.335944
0.010917
0.020185
0.022532
-0.020381
-0.063620
0.035165
0.098157
0.189363
0.002287
-0.012148
-0.220633
0.395042
-0.143769
-0.139309
-0.080288
0.004055
0.081259
0.044162
0.033915
-0.008778
-0.209892
-0.079916
-0.154171
0.129427
0.079962
-0.103671
-0.006663
0.125846
0.045351
0.120205
-0.051394
0.051258
-0.025642
0.002976
0.327564
0.269582
-0.221137
-0.129061
0.059016
-0.045484
0.277143
0.100234
-0.010829
-0.063667
0.021807
-0.048785
0.010475
-0.176044
-0.070622
-0.025126
0.143345
-0.284718
-0.045310
-0.228761
0.139814
0.030293
0.033153
0.045123
0.026940
0.030496
0.000294
0.007331
-0.094749
-0.171871
-0.091341
0.226657
-0.065370
-0.040492
-0.000841
0.118202
0.247266
0.230901
0.041955
0.154018
-0.153000
0.101915
-0.065083
-0.066055
0.134188
0.051175
0.134999
0.697646
0.167033
0.093134
0.106916
0.115410
0.080666
0.020171
-0.092337
-0.154333
-0.114176
0.190596
-0.175860
0.053020
0.137637
0.204951
0.273519
0.185575
0.036506
-0.222690
-0.001645
0.319971
-0.094640
0.014896
-0.152146
0.018984
-0.052887
0.049939
0.023413
-0.095755
0.316550
-0.468320
0.049930
-0.058557
0.036879
-0.102064
0.027263
0.017056
0.113101
0.041311
0.084422
0.140427
0.030920
0.043415
0.078710
0.149830
-0.031812
-0.318965
-0.015810
0.310215
-0.067933
0.009643
-0.072089
-0.004910
0.105690
-0.217557
0.037402
-0.101147
-0.189851
-0.112763
-0.065279
0.015217
0.007996
0.055867
-0.087204
0.181751
0.004935
-0.101209
-0.176328
-0.048085
-0.144553
0.117738
-0.057494
0.159544
-0.051436
-0.035429
0.517510
0.169254
-0.086778
-0.050387
0.031942
0.043685
0.171820
-0.057603
-0.045285
-0.131232
0.166475
0.024430
-0.162006
0.454772
0.034121
0.203463
0.179243
0.065097
0.095051
-0.000004
-0.109531
0.268618
0.102348
-0.069314
-0.109195
0.154071
0.022180
0.152464
0.541405
0.002038
0.040317
0.066261
0.082303
-0.196380
-0.026187
0.066459
0.266981
0.124687
-0.067077
-0.724445
0.148226
-0.129412
-0.069492
0.023732
0.099107
-0.019360
-0.080992
0.017747
0.037626
0.088162
0.026297
-0.343863
0.140477
-0.008420
0.303965
0.020719
0.171708
0.113656
-0.057786
0.029134
-0.010657
0.142805
0.021342
-0.126046
0.040256
0.115322
0.063499
-0.181478
-0.077525
-0.072692
-0.078169
0.031346
-0.113083
0.031887
0.017804
-0.583809
0.029165
-0.137143
0.307149
0.110735
-0.045962
0.160644
0.011600
0.059092
0.077355
0.161974
0.102228
0.061482
0.033430
-0.049708
0.137233
-0.201986
-0.044996
0.036504
-0.065066
-0.057899
-0.085338
-0.202394
-0.535483
0.032615
0.306349
0.201350
0.196455
0.080485
0.124611
0.029658
0.073612
-0.131237
0.171224
-0.062372
0.027275
0.293069
-0.016465
0.051337
-0.060826
-0.022563
-0.067866
-0.197198
-0.012182
0.050102
0.106499
-0.020864
-0.101632
0.072696
-0.201913
0.009400
0.232751
-0.081851
-0.325907
0.015420
-0.153396
-0.039676
-0.076302
-0.106266
-0.171192
-0.064692
-0.034940
-0.122550
-0.307003
-0.074431
0.075988
-0.349932
-0.019131
0.059909
0.325603
0.003712
0.108494
0.030167
-0.056969
0.111906
0.002346
0.123470
0.100033
0.059062
0.051548
0.020114
0.064195
0.022508
0.107079
-0.002105
-0.129607
-0.210411
0.173334
0.088475
0.049366
0.014779
-0.064447
0.192458
0.138550
-0.079239
0.115299
-0.016946
-0.341006
-0.075421
-0.064502
0.037630
0.012146
0.008510
0.188947
-0.001225
0.049725
-0.020396
0.126714
-0.255463
-0.267094
0.227458
-0.114979
-0.024334
0.018642
-0.011113
-0.122603
-0.121351
0.145481
0.043960
0.017848
0.267525
-0.096267
0.099689
0.152419
0.090390
-0.069257
-0.061180
0.092097
-0.201125
-0.003768
0.255913
-0.034771
-0.094499
0.027824
-0.055782
0.019376
0.093118
-0.079900
-0.105520
0.069780
-0.111787
-0.246904
-0.009502
-0.059859
-0.029441
0.220642
0.073208
-0.148109
0.024903
-0.028519
0.216538
-0.089710
-0.026424
-0.056775
0.110650
0.260734
-0.086500
-0.161999
-0.086278
0.169271
0.168188
0.003821
-0.127722
0.011739
-0.044098
-0.029485
-0.040815
0.066216
0.004824
-0.009295
-0.058593
-0.006233
0.101903
0.005039
-0.117344
0.105988
-0.167488
0.684371
0.031208
-0.142424
0.094992
-0.009776
0.029362
0.105541
0.056576
-0.003479
-0.073441
-0.092785
-0.138685
-0.063323
0.099483
-0.094008
-0.043973
0.076724
0.054132
-0.005781
0.000724
0.042539
0.172497
-0.120362
0.009116
0.063527
-0.049612
-0.094964
-0.017547
0.077621
0.244057
0.022696
-0.000881
0.008414
0.052700
-0.012260
-0.289702
0.051556
0.232016
0.054706
-0.024258
0.113627
0.054708
-0.104677
-0.005740
-0.205684
0.062281
0.061027
-0.682888
0.085092
-0.239469
-0.047966
-0.336472
-0.001491
-0.031704
0.023998
0.061447
0.050871
-0.074777
-0.005816
0.071461
0.046209
0.016322
-0.096008
0.008905
0.454769
-0.060215
0.081606
0.193036
-0.154095
-0.011373
0.261486
0.137868
-0.189071
0.040365
-0.040830
0.468188
0.056984
0.021847
-0.101813
0.081813
-0.072187
-0.244958
-0.096325
-0.155442
-0.192595
-0.033183
0.009027
0.029562
0.069905
0.210108
0.058418
0.073084
-0.160279
-0.152207
-0.001566
0.024194
-0.004040
0.050418
0.017688
0.090555
0.124640
0.072495
0.173080
-0.009522
0.118361
0.050690
0.011061
0.195559
-0.022955
-0.053060
0.013467
0.082823
0.097550
0.046361
0.165741
-0.043477
-0.024995
0.069777
0.009015
0.107939
0.027519
-0.134424
0.044047
-0.023526
-0.067948
0.163166
0.019612
-0.031747
-0.029366
-0.045746
-0.112524
-0.243290
0.034683
-0.083075
0.057647
-0.096939
-0.075594
0.152632
-0.191064
0.027657
-0.002844
0.047176
0.806562
-0.204917
-0.069262
0.010360
0.180929
0.328910
0.065167
-0.039969
0.160496
0.006248
-0.131974
-0.127365
-0.039950
0.122228
-0.034511
-0.027793
0.061038
-0.079799
-0.019976
0.060695
0.063528
0.148179
-0.121537
0.046831
0.340250
0.056062
0.079570
-0.062030
-0.019806
0.010826
-0.145663
-0.036358
-0.093133
0.063446
-0.136820
-0.208109
0.039354
-0.122272
-0.028908
0.060099
-0.030992
0.061849
-0.053337
-0.013432
0.096185
-0.019470
-0.023754
0.083622
-0.008135
-0.009928
-0.022965
-0.072213
-0.015262
-0.073088
-0.178580
-0.238090
0.032544
0.061697
-0.071500
0.104805
0.118671
0.166442
0.199786
-0.250571
-0.328958
-0.043188
0.599928
-0.090876
0.114539
-0.079492
-0.070260
0.009213
0.175008
0.143906
-0.162368
0.009288
0.068590
0.010017
-0.191878
0.064767
-0.050736
-0.052225
-0.023724
0.228316
0.168361
0.097446
-0.091338
0.031872
0.316842
0.040957
0.114725
0.109694
-0.096305
-0.023553
-0.014048
-0.082031
0.204539
0.046716
0.009446
-0.122647
0.020314
0.123358
-0.044156
0.370021
-0.173602
0.111666
0.014417
0.038834
-0.167969
-0.062818
0.046382
0.133715
-0.062187
-0.005567
-0.017631
0.020254
0.014375
-0.166946
-0.029329
0.070444
0.004851
0.073410
0.162035
0.084435
-0.057121
0.120409
0.029671
-0.116220
-0.021388
-0.156048
-0.265407
0.220310
0.125297
-0.093454
0.006169
-0.136232
0.092957
-0.009469
0.085285
0.088486
-0.045448
-0.094222
-0.211386
-0.126667
0.098282
0.015307
0.062980
0.117692
-0.139861
0.148612
0.026772
0.095847
0.113712
-0.060570
0.073928
-0.081955
0.036646
-0.180781
-0.025088
-0.045019
0.051426
0.053632
0.335243
0.573426
0.153733
-0.132097
0.045971
0.009041
0.074928
-0.005371
-0.043748
0.048341
0.003555
0.064290
-0.097573
0.039016
0.045122
-0.015963
-0.302828
0.089363
0.036971
0.079524
-0.103172
-0.055208
-0.115390
0.047439
0.192676
0.008980
-0.034130
-0.009514
0.078355
-0.185994
-0.101645
0.056511
0.062531
-0.039148
0.020340
-0.009903
-0.295960
0.147802
0.054812
-0.122912
0.088736
-0.101996
0.044558
0.092513
0.213988
0.016640
-0.184330
-0.024207
-0.059109
0.138664
-0.016607
-0.156368
-0.081788
-0.246879
0.194134
-0.084705
0.056739
-0.135702
-0.148854
0.015018
0.255203
0.104346
0.089804
0.089101
0.002622
0.342132
-0.127818
-0.156817
-0.183071
-0.043263
-0.041653
0.036071
-0.007419
-0.117816
-0.048923
0.103621
0.202894
-0.028610
-0.070684
-0.002340
0.017708
-0.090597
0.123167
0.121794
0.047742
0.036003
-0.014149
0.053998
-0.215667
-0.041317
-0.148942
-0.390656
-0.127432
0.257646
-0.192461
0.011541
0.105701
0.119832
0.220949
0.334515
-0.017607
0.069952
0.175318
-0.001457
-0.121797
-0.018554
0.016333
-0.133178
-0.045973
0.088211
0.102468
-0.003155
-0.035518
0.172347
0.043642
-0.043222
0.242908
-0.047266
0.056789
0.109872
0.204000
0.066628
-0.139444
-0.027081
0.072340
-0.161948
0.017012
0.055725
-0.009578
-0.002219
-0.019250
0.023148
0.063823
0.171548
0.053251
-0.000336
-0.031764
0.176266
0.039973
0.121851
-0.089576
-0.347297
0.045556
0.078975
0.051559
0.015363
0.167002
-0.233678
0.023716
0.117394
0.070710
-0.118260
-0.035913
-0.070892
0.028146
0.125097
-0.123484
-0.113317
0.174265
0.199405
0.021642
-0.160481
0.000433
-0.217170
-0.061202
-0.070759
0.071930
-0.041857
0.001207
0.202703
-0.060206
-0.037877
0.143939
0.069006
0.135154
-0.022313
-0.010767
-0.177949
-0.070041
0.031080
0.249358
0.106733
0.090857
0.060433
0.249309
0.047183
0.015175
0.046848
-0.024759
0.250879
-0.208510
-0.042455
0.064998
-0.330446
-0.029285
0.020153
-0.087143
0.140273
0.054263
-0.044843
-0.071836
0.019116
0.002483
-0.085855
-0.006655
0.125430
0.001850
0.080598
0.029144
0.290231
0.026187
-0.043747
0.124601
-0.225259
0.098442
0.000397
-0.044099
-0.025883
0.005725
0.228377
0.287101
-0.211985
0.013162
0.086131
-0.244809
0.015622
0.155584
0.480903
-0.037955
-0.164120
0.042181
0.037415
0.000103
-0.048125
0.073288
0.076506
-0.061930
0.086087
0.169520
0.030286
0.019884
-0.010643
0.144116
0.155461
-0.570954
0.012287
0.142738
0.096751
0.117052
0.061049
-0.087139
-0.018680
-0.053118
-0.101953
-0.195131
0.041347
-0.028734
-0.111127
0.250487
-0.034649
-0.026022
-0.073764
0.086080
-0.211165
-0.135465
0.161274
0.067026
-0.097702
-0.090740
-0.108222
0.343622
-0.104286
-0.047371
-0.196853
0.006866
0.063438
-0.045541
0.155208
-0.026017
0.259141
0.202269
-0.116306
-0.027419
-0.015952
-0.152093
0.096867
-0.199457
-0.157162
0.165483
0.024184
0.057148
-0.039906
0.002905
-0.051699
-0.296205
0.469195
0.000104
0.034007
-0.107234
-0.186510
0.028204
0.175142
0.154017
0.068604
0.021794
0.103253
0.038025
0.026747
0.028951
0.123130
-0.035902
-0.025975
-0.074368
-0.212147
-0.076570
0.027763
-0.115275
0.063799
0.104566
-0.581935
0.063881
0.076636
-0.133993
-0.000155
-0.080005
0.000019
-0.034651
-0.064258
-0.144713
-0.020499
-0.048098
-0.123018
0.100422
0.068414
0.174040
0.047661
-0.054331
-0.021632
-0.147435
0.003886
0.157220
-0.369847
0.039514
0.022025
-0.274103
0.006686
0.147505
0.036949
0.447436
0.049040
0.407644
0.044169
0.137940
-0.236983
-0.040278
0.241708
0.192240
0.099286
0.107292
0.014555
-0.073086
0.152303
0.089010
0.062216
-0.002014
0.142009
0.116841
0.131301
0.604887
0.114690
0.001371
0.059462
-0.033913
-0.253149
0.093847
0.145142
0.210583
-0.032556
-0.028522
0.371934
0.339382
-0.266662
0.002603
0.098800
-0.180310
0.201130
0.094560
0.360507
0.069720
-0.273086
0.208746
-0.042621
0.224416
-0.087885
-0.188617
0.474749
0.220773
0.264163
-0.019722
-0.027557
0.042681
-0.235609
-0.050212
0.429054
0.370832
-0.394486
0.290857
0.431345
-0.025438
-0.093725
0.056727
0.178623
0.508941
0.238292
0.477999
0.134802
0.027652
0.383040
0.035614
-0.137692
0.025087
0.057145
0.048123
0.060314
0.030931
0.074962
0.059433
0.066009
0.149983
0.087377
-0.017082
0.148638
-0.213501
0.083420
0.056110
-0.076987
-0.107237
-0.181496
0.082275
0.006951
-0.053849
-0.092791
-0.087812
-0.602625
0.204752
-0.003175
0.052011
-0.087189
0.238039
-0.089770
-0.130615
0.254301
-0.148535
0.047523
0.102030
0.076795
-0.150698
-0.073042
0.103763
0.050318
-0.221491
-0.045772
-0.064894
0.029246
-0.081832
0.171230
-0.082225
-0.017570
-0.019320
0.006309
-0.093497
0.007535
-0.146205
-0.035925
0.085468
-0.056970
-0.053641
-0.151203
-0.067876
0.198519
-0.181135
0.028997
-0.104813
0.103398
0.075447
0.250738
0.065935
-0.026453
0.084493
0.041091
0.010639
0.106074
0.229406
0.034969
-0.136595
0.014978
-0.031294
-0.003537
-0.129233
-0.264518
0.075747
-0.426982
0.030162
0.005773
0.154416
-0.123663
0.069988
0.061161
0.432788
0.038273
0.166796
0.056564
0.092573
0.061398
0.092813
-0.075180
-0.002502
0.197241
-0.247650
0.284837
-0.036334
0.027957
-0.067692
-0.195792
-0.210585
-0.184777
0.078410
0.011288
0.004626
-0.068865
-0.111299
-0.340557
-0.023094
0.085268
-0.056564
0.135291
-0.084358
0.042608
0.078265
0.014762
-0.124910
-0.025018
0.088460
0.352268
-0.024380
-0.190680
-0.228574
-0.108515
0.397761
-0.081758
-0.026734
0.017732
-0.033024
0.171139
0.020633
0.009019
-0.096550
-0.113926
0.013907
-0.142303
-0.123157
-0.123825
-0.097342
0.025193
-0.135065
0.090517
-0.082504
0.029362
0.086888
0.009911
0.128172
0.036988
-0.068430
0.083401
0.063855
-0.080953
0.250906
-0.019636
0.047772
0.070637
-0.035895
0.256244
0.045511
0.193774
0.121538
0.053231
0.052267
0.078961
0.065853
-0.370227
-0.087884
-0.028233
-0.011362
-0.045436
-0.122215
-0.454281
0.005588
-0.077059
0.058765
-0.090373
0.129105
0.066454
-0.115960
0.027498
0.085080
0.205537
0.035599
0.278031
0.149991
-0.032514
0.210332
0.170414
0.029028
0.107862
0.062054
0.172709
-0.003325
0.047347
0.169893
-0.005625
-0.185187
0.060496
0.020125
-0.141248
-0.012402
-0.094415
-0.243752
0.174652
0.193956
-0.002280
0.023961
0.014002
0.046259
0.049937
-0.095534
0.140934
-0.044574
-0.100011
0.189866
-0.062197
0.173373
0.040607
-0.122204
0.026269
0.013714
0.034952
-0.023952
-0.052979
-0.073476
0.106734
-0.018409
-0.234354
0.006933
-0.024292
0.081109
0.202212
-0.050199
0.173947
-0.010651
-0.208083
0.044496
-0.089758
0.438607
-0.063254
0.112036
0.017639
0.096567
0.029730
0.240090
-0.065226
0.149742
0.180801
0.031234
0.066715
-0.020946
-0.033168
0.017589
0.301657
-0.083633
0.192254
0.154227
-0.156582
-0.243401
-0.012157
0.124478
-0.099206
-0.085761
0.119510
0.119147
0.027200
0.154361
-0.183722
0.109969
0.094910
-0.109562
0.020303
0.152095
-0.107585
-0.047816
-0.020256
-0.140092
0.030102
0.090377
-0.088274
-0.110357
-0.042678
0.037058
0.122026
0.018398
0.141732
0.046098
0.162580
0.036196
-0.067216
0.141927
-0.001906
-0.039754
0.085254
0.020932
-0.101065
0.073980
0.089145
-0.134903
-0.055674
-0.212277
-0.040886
-0.156722
0.079407
-0.140243
0.290550
0.127012
0.004884
-0.023341
-0.005142
-0.017383
-0.023046
-0.077194
0.015377
-0.329890
0.106756
0.003478
-0.058708
-0.062775
-0.010546
-0.037478
0.117096
-0.013568
-0.172149
0.038743
0.039764
-0.098166
0.322653
-0.022162
-0.078097
-0.054749
-0.126770
0.067141
-0.051731
-0.075715
-0.045476
-0.098124
-0.043636
0.340462
0.031827
0.018239
-0.233551
-0.108905
0.073318
0.005003
-0.067054
0.136343
-0.344212
0.058181
-0.034048
-0.006932
0.021713
-0.151073
0.164675
0.031911
0.074734
-0.154189
0.131805
0.155632
0.084265
-0.033392
0.094043
0.074647
0.011182
0.363560
-0.040440
0.008972
0.046294
0.101197
0.072991
-0.163970
0.076734
-0.072228
-0.085742
-0.324914
-0.025684
0.084692
-0.041021
-0.010672
-0.046567
-0.021013
0.021967
-0.277096
0.153683
0.125410
-0.056325
-0.016550
-0.229801
-0.139030
-0.323453
-0.026659
-0.060695
-0.021553
0.203413
-0.090893
0.044855
-0.009266
0.029770
-0.150773
0.058083
-0.147593
0.229096
0.123636
0.017234
-0.101327
0.092668
0.080009
0.435553
-0.048976
0.040646
-0.058389
0.184305
-0.187567
-0.129307
-0.041527
-0.050952
-0.074191
-0.065272
-0.067186
-0.166394
0.122759
0.134658
0.282626
0.023373
-0.127313
0.021313
0.065267
0.103365
-0.174997
-0.213611
-0.034721
-0.055130
-0.101669
0.051439
-0.066647
-0.018182
0.275051
0.041322
-0.087953
-0.025125
0.088516
-0.171103
-0.187614
-0.084057
-0.052539
-0.021704
0.045834
0.056658
0.011352
-0.180730
-0.044097
0.137037
0.099675
-0.012263
-0.064630
-0.030182
0.547085
-0.002970
-0.021385
0.072791
-0.015024
-0.033129
0.115227
0.092327
-0.172607
0.002388
-0.206047
-0.024431
-0.013831
0.153524
0.045217
0.009424
0.043194
0.229223
0.022937
0.012306
-0.056484
0.043592
-0.014615
0.041792
-0.208457
-0.144032
0.025875
0.028837
-0.081814
-0.039207
-0.043938
-0.000462
-0.077484
0.242029
0.175776
0.003026
-0.045335
0.092849
0.253488
0.032380
0.004254
0.072771
-0.065873
-0.047666
-0.049635
0.060228
-0.078388
0.115925
0.249646
-0.005225
-0.080473
-0.011553
1.066678
0.052708
0.026559
-0.006857
0.008108
-0.046297
0.050016
0.120831
0.051764
0.046179
-0.038672
0.090449
0.002072
0.064178
0.004905
0.090126
0.008286
-0.127205
0.103068
0.111140
-0.085336
-0.023670
-0.187443
-0.085986
0.142039
-0.073395
-0.110344
0.092668
-0.127991
0.003358
-0.067492
0.118259
-0.009115
-0.058808
-0.123435
-0.024341
-0.026154
0.099429
0.270846
0.141180
-0.125436
-0.004967
-0.003997
-0.015089
-0.024725
0.017553
-0.023455
-0.034210
-0.057738
-0.057514
0.150605
-0.229302
0.228292
-0.103761
-0.042556
0.049433
0.052334
-0.056821
0.089017
-0.093018
0.187899
0.051515
0.104904
0.015599
0.044331
0.034174
-0.027623
-0.020727
-0.056426
-0.039103
-0.020166
0.039838
0.296872
0.146664
0.201611
-0.060828
0.006681
-0.067458
-0.006788
0.067399
0.118453
-0.413226
-0.383370
0.000324
0.021788
-0.076497
0.175011
0.057195
0.236695
0.024414
-0.073796
-0.124217
-0.055980
-0.036307
-0.012030
-0.083348
-0.007400
0.238209
0.137225
0.143527
0.042529
0.048777
0.047343
-0.023427
0.020050
-0.243754
-0.093051
-0.017832
-0.115322
0.057914
-0.031590
-0.239446
-0.039581
-0.053503
-0.071471
-0.147609
-0.004720
0.153169
0.009313
-0.009040
0.086629
0.047622
0.004361
0.294894
-0.127767
-0.083980
-0.064123
-0.075285
-0.026658
-0.007898
-0.000523
-0.162904
-0.031782
-0.029874
0.032009
0.073715
-0.006873
0.050436
0.117280
0.074363
-0.048644
-0.031236
-0.045611
-0.045033
0.037641
0.063737
-0.141945
-0.224675
-0.022577
0.285470
-0.074589
0.045659
-0.073830
-0.071749
-0.098923
-0.233802
0.005041
-0.044190
0.077184
0.100206
0.040791
-0.153210
-0.319862
0.115593
0.086393
0.082813
0.008466
-0.391982
0.040375
-0.322751
0.282324
0.115040
-0.011470
0.103519
-0.088531
0.128425
0.089935
0.052551
-0.050034
0.061364
-0.183381
0.093434
-0.050189
0.092212
0.089433
0.081290
0.119533
0.165829
0.023771
-0.162435
0.016290
0.097942
-0.082129
0.050294
0.110680
0.052185
-0.119270
0.284785
0.082018
0.114796
-0.077646
-0.039806
0.047840
0.017001
-0.126165
-0.019600
0.126711
0.110269
-0.105699
-0.179090
0.052303
0.140138
0.055177
0.123224
-0.005824
0.090943
-0.033435
-0.214750
-0.377443
0.106701
0.156150
-0.072510
-0.047693
-0.197905
0.025172
0.052814
0.049840
-0.045894
-0.049445
-0.112964
0.006950
0.146687
0.145962
-0.046819
0.021956
0.283008
0.061190
0.140458
0.114969
-0.085492
0.224098
-0.208129
0.231623
-0.054038
0.020166
-0.183835
0.060259
-0.019821
0.077539
-0.206073
0.062646
0.081906
-0.225872
-0.047726
0.049319
0.120780
0.046585
0.011486
-0.370130
0.145263
-0.036142
0.015259
0.027312
0.121539
-0.111155
0.278318
-0.040061
0.043780
0.005173
0.074217
-0.051497
0.059663
-0.173794
0.059614
0.105338
-0.328466
-0.009004
0.003533
-0.098194
0.040731
-0.111210
-0.015637
-0.199585
-0.250965
0.092754
-0.031397
-0.171804
0.039953
0.009216
0.166561
-0.163210
-0.024489
0.137840
0.082363
0.027516
-0.004198
0.040348
-0.308368
0.090723
0.106485
-0.006514
-0.000712
-0.120640
-0.303755
-0.010450
0.158353
-0.090242
0.059214
-0.029441
-0.110391
-0.073032
-0.041143
-0.089717
-0.082853
0.141470
0.344131
0.039723
-0.087276
0.083777
-0.113563
-0.006429
0.184233
-0.013257
0.022790
-0.072279
0.029632
-0.084124
-0.167684
-0.023845
0.128032
0.039173
0.038670
0.003351
-0.066468
0.243757
-0.264093
0.087902
0.073380
0.002264
0.327381
0.018524
0.020736
-0.084227
0.093388
-0.103903
-0.076173
-0.154434
-0.166197
0.101664
-0.022025
0.359596
0.058338
-0.007698
0.006023
-0.041857
-0.060322
-0.160743
-0.048519
0.015161
0.299526
-0.154756
-0.069618
0.308426
-0.019868
-0.081163
-0.087358
0.182158
-0.025101
-0.148659
0.022336
0.013539
0.064018
-0.051543
-0.002566
0.033816
0.004949
-0.019199
-0.018057
-0.204084
0.025766
0.065010
-0.063511
0.043603
0.083492
-0.007292
0.204456
-0.019700
-0.167131
-0.154750
0.154437
-0.046685
-0.003165
-0.103742
-0.031432
0.231192
-0.180695
0.028132
-0.098299
0.036773
-0.135346
0.024062
-0.009784
-0.044681
0.109689
-0.174372
-0.168733
0.271372
0.054089
-0.050457
-0.022864
-0.036241
0.016175
0.088516
-0.067592
-0.098107
-0.046350
-0.006415
0.046214
-0.132188
0.449592
-0.069878
0.074251
-0.088638
-0.109313
0.191277
0.107949
-0.018223
0.006528
0.002169
0.173090
0.120775
0.005293
-0.000598
0.140201
-0.083756
-0.027555
-0.076997
-0.206669
0.070528
0.071594
-0.154743
-0.044190
0.087321
-0.101774
0.036254
-0.046564
0.214091
0.040534
0.029661
0.195849
-0.262300
0.143391
0.054717
0.153010
-0.158155
-0.052641
0.045279
-0.027973
0.121645
0.061451
0.011827
0.036088
-0.210406
-0.271255
-0.011914
0.281358
-0.018368
0.226655
-0.144765
-0.000004
-0.068577
-0.035397
-0.266946
-0.066088
0.125105
0.163710
0.014934
0.045431
0.013159
-0.035844
-0.062142
-0.005587
-0.100482
-0.034806
-0.155609
-0.095785
0.155971
0.220035
0.017125
-0.036831
0.265551
0.178841
-0.029108
-0.147432
-0.162922
0.094955
-0.097746
0.144520
0.024952
0.096686
0.340282
0.050260
0.064708
-0.080920
-0.164060
0.162123
-0.123610
0.103657
-0.132453
-0.053753
0.011827
-0.039561
-0.035195
0.072705
0.214519
-0.190671
0.159928
-0.031874
-0.141929
-0.199584
-0.192617
0.097290
-0.061612
0.317741
-0.002264
-0.051512
-0.011147
-0.075223
0.067407
0.021398
0.019558
0.128632
-0.016847
-0.033307
0.343144
0.023962
-0.027784
0.153137
-0.065754
-0.129741
-0.013002
-0.061898
0.129281
0.007747
0.047364
0.073234
0.038005
0.326827
-0.093280
-0.006875
-0.030180
0.042278
-0.016264
0.169555
-0.030061
0.139997
-0.001627
-0.033201
-0.122824
-0.047407
-0.033468
0.184995
-0.015445
-0.254276
0.057224
0.002103
-0.089070
0.034610
-0.158288
0.089596
0.059116
-0.450576
0.016073
-0.083214
0.439523
-0.039028
0.009669
-0.037351
0.122518
-0.039663
-0.207181
0.038602
0.044340
-0.267773
0.029209
-0.205542
-0.147311
0.242448
0.039364
0.041503
0.085173
0.017046
0.037635
-0.028097
-0.111787
0.165545
-0.107183
-0.082112
0.030394
0.093669
0.050567
0.322531
0.046019
0.219379
0.014170
-0.027194
-0.140996
0.010663
-0.018530
0.137822
-0.125378
0.144735
0.012349
0.060227
-0.001600
-0.228173
0.034591
0.243277
-0.101988
0.074948
-0.012401
-0.141839
0.221014
-0.233742
-0.031449
0.224714
-0.048205
0.318898
-0.037033
0.129376
-0.029283
0.001526
-0.175069
-0.052054
0.076188
-0.362931
0.023898
-0.067939
0.183146
-0.135975
0.040600
0.009592
0.154956
0.039227
0.225127
0.017794
0.006435
0.120926
0.062639
0.067143
0.072220
0.041867
-0.090483
-0.114350
0.133507
0.163964
-0.095999
-0.104245
0.260925
0.276228
-0.023588
0.088210
0.257825
0.038995
0.214907
0.154854
-0.063321
0.110915
0.251770
0.014242
-0.189214
-0.004089
-0.008710
-0.143714
-0.046557
-0.031486
0.046605
0.001984
-0.017620
-0.295381
0.092995
-0.286995
-0.030342
0.014341
0.005348
0.036438
-0.139511
0.161109
-0.002518
0.044048
0.056235
-0.201067
-0.006693
0.234359
0.022260
-0.037811
-0.024711
0.049425
-0.025288
0.139983
-0.031058
-0.027376
0.044543
-0.062586
-0.001990
-0.139883
-0.164405
-0.108517
-0.009937
-0.170020
-0.128927
0.141520
0.046973
-0.089049
-0.080001
0.201553
0.012787
0.136146
0.149669
0.075345
0.145312
0.010830
-0.109861
-0.221729
0.044489
-0.200202
-0.097619
0.000375
-0.078607
-0.128134
-0.043114
0.044171
-0.095554
0.001364
0.105599
0.110978
0.033268
-0.098309
0.110259
0.156980
0.109688
0.014847
-0.092216
-0.195379
0.071931
-0.127766
-0.115686
-0.052190
-0.024970
0.125982
0.114164
0.150942
-0.161839
0.069219
0.010847
-0.332775
0.064892
0.063989
-0.140009
0.004387
-0.030827
0.058681
-0.209748
0.150985
0.016558
-0.027936
-0.046162
-0.007046
-0.014792
0.138109
0.285608
-0.184520
-0.019984
0.124495
-0.037131
-0.156010
0.079252
0.217024
-0.024937
0.153467
0.004405
-0.031225
-0.043548
-0.154305
-0.048546
0.299357
0.041370
0.040857
-0.152252
0.008355
-0.071898
0.023160
-0.276592
0.077389
-0.015693
-0.271595
0.015750
0.034490
0.284177
-0.053563
-0.010334
-0.052257
0.152984
0.050472
0.152497
-0.084097
0.003710
0.175515
-0.034107
0.090234
0.030407
-0.013625
0.001449
-0.081686
-0.082281
0.190790
0.019180
0.060277
-0.014037
0.172056
0.021579
0.080940
0.176214
-0.083288
0.031088
-0.045480
0.244875
-0.004436
-0.123220
0.020647
-0.042653
-0.034318
0.021291
-0.058772
0.100281
-0.011798
0.184484
0.061396
-0.095630
-0.346262
-0.023543
-0.153513
-0.084929
0.146456
0.006636
0.131772
0.128893
0.147816
0.069892
-0.048013
0.032650
-0.341346
0.061379
0.035397
-0.083256
-0.001374
0.008080
0.101331
0.031422
0.121103
-0.107367
0.015709
0.063148
0.068565
0.055968
0.120911
0.282241
-0.098312
0.449801
-0.084842
-0.083665
-0.089631
-0.111912
-0.105768
0.167996
-0.054329
-0.011207
0.230189
-0.188137
-0.173100
0.039650
0.066439
0.030071
-0.020592
0.024996
0.046584
-0.031891
-0.024001
-0.092257
0.042169
-0.022041
0.013043
0.021606
-0.071182
0.034565
-0.262992
-0.001701
-0.051885
-0.356456
0.067096
0.020488
-0.015002
0.070183
0.170643
-0.014196
0.164072
0.001162
-0.026381
0.031392
0.019355
-0.043680
0.074865
0.214866
0.072413
0.023753
-0.305185
0.195964
0.002471
-0.006670
0.027892
-0.102867
-0.003222
-0.127834
-0.141266
0.032295
-0.041698
-0.039713
0.073517
0.061281
-0.000854
-0.046009
-0.097465
0.080498
-0.112457
-0.207139
0.057443
-0.196428
0.041950
0.016201
-0.174216
0.044585
0.303492
-0.011632
-0.078107
0.012488
-0.189897
0.036403
-0.132819
0.143225
-0.097213
0.463481
0.031377
0.165235
0.194548
-0.045671
-0.089675
0.096832
-0.010456
-0.087310
-0.095659
-0.009459
0.145132
-0.218693
0.208430
-0.049741
-0.081660
0.136368
-0.012458
-0.001474
-0.233268
0.050629
0.057165
-0.028842
-0.211903
0.339598
-0.158811
-0.024983
-0.064323
-0.111445
0.045240
0.044716
0.054520
-0.141475
0.053528
-0.022016
0.041927
0.130930
0.290561
-0.031463
0.085849
0.050475
-0.079225
-0.092580
-0.075684
0.066995
0.136509
-0.138903
-0.055342
0.041443
-0.207898
0.072487
0.019797
0.009276
0.068330
0.009013
0.253678
0.019542
0.063319
-0.061255
-0.099587
0.049663
-0.168884
0.124445
0.120828
0.116213
-0.035162
0.100331
-0.080736
0.053812
0.009606
-0.168912
-0.100394
0.221466
-0.148619
0.005280
-0.080817
0.195359
-0.028222
0.107670
-0.043951
-0.005631
-0.092685
0.108984
0.058474
-0.011223
-0.172030
-0.046809
0.031986
0.048415
0.166234
-0.058505
0.070287
-0.115739
0.148842
0.408885
-0.036947
-0.000851
0.072089
-0.064040
-0.085064
-0.105992
0.014901
0.159682
-0.028497
-0.104289
-0.084834
0.006914
-0.241681
0.177626
0.144884
0.104419
-0.160774
-0.080410
-0.080848
-0.052740
-0.016494
0.388043
-0.004498
-0.038245
0.016142
0.090635
0.264392
0.053498
0.035280
-0.005194
-0.039485
0.053934
0.150037
0.063301
-0.058329
-0.046778
0.016991
0.082777
0.084280
-0.023081
-0.084869
0.190446
0.167032
0.020793
0.044679
0.209675
-0.140767
-0.018899
-0.108784
0.023330
-0.186752
-0.000125
0.108343
-0.036318
0.039456
-0.001994
0.002117
0.149366
-0.117779
-0.281312
0.091972
0.116185
0.127892
-0.172044
0.024812
0.057680
0.065356
-0.129850
0.016308
-0.320079
-0.176075
0.129218
0.008973
-0.064779
-0.014291
0.026312
-0.076089
-0.063493
0.079310
0.062062
0.019612
-0.073621
-0.068069
0.163324
-0.357521
-0.023522
0.121739
-0.004411
-0.036468
0.115455
0.018454
0.033080
0.034234
-0.027615
-0.007001
-0.091132
0.034575
-0.014988
0.010934
-0.094250
0.084861
0.079532
0.260629
-0.011333
0.032318
0.037830
0.065965
0.036094
0.128597
-0.311617
-0.055585
-0.076859
-0.070051
0.007267
0.056377
-0.049183
-0.244435
0.216912
0.095706
-0.010744
-0.029980
0.105364
-0.355494
-0.080906
0.132397
0.093463
0.124878
-0.088491
-0.074936
-0.076528
-0.006783
-0.096083
0.150845
-0.137701
0.179497
-0.047258
-0.087814
0.277353
-0.049724
-0.048796
-0.134337
0.131649
-0.018561
0.121139
0.082736
-0.021290
-0.034240
0.091046
0.067903
-0.049629
-0.167861
-0.007157
-0.038890
-0.100993
0.171908
-0.086021
0.126697
-0.099623
-0.011811
0.407639
-0.027071
-0.022230
0.020236
-0.079520
-0.151451
-0.046286
-0.015286
0.154870
0.077396
-0.121437
0.086754
0.028139
0.135696
0.074491
0.094575
0.472191
-0.126356
0.122513
-0.177814
-0.141309
-0.087724
0.297719
-0.235141
-0.012771
-0.010631
-0.107497
-0.135829
0.045418
0.086343
0.085130
0.009445
0.017393
0.041631
-0.028557
-0.093482
-0.059347
-0.172190
0.000483
0.063354
0.003973
0.071552
0.019884
-0.087302
0.001058
0.109073
-0.275301
-0.075348
0.056206
-0.098236
0.004057
0.078733
-0.080538
-0.170064
0.091578
0.143541
-0.034014
-0.089420
0.024104
-0.301439
0.040442
-0.031951
0.061584
0.138594
0.078764
-0.120703
0.042471
-0.031373
-0.078422
0.176488
-0.026681
0.184060
-0.106527
0.045593
-0.017531
0.023964
0.011924
-0.075080
-0.176778
0.219783
0.086929
-0.082056
0.152151
-0.210075
-0.130347
-0.160222
-0.174584
-0.051245
-0.019065
-0.102537
-0.042393
0.059248
-0.003078
-0.064359
0.104457
0.002821
0.112112
0.498696
-0.018155
-0.054976
0.121932
0.021976
0.023642
0.151712
-0.077157
-0.117253
-0.230752
0.031398
0.539131
0.029331
0.086047
0.077197
-0.065625
-0.122225
-0.003094
-0.041644
0.001932
-0.012648
-0.051231
-0.000625
0.052730
0.026979
0.187765
-0.000771
-0.063225
0.009472
-0.038640
0.127662
-0.034101
0.098441
-0.122066
0.047464
-0.011325
0.172427
-0.040841
0.075648
0.019044
0.038871
-0.109095
-0.023828
0.006608
0.031161
-0.152716
-0.198032
0.061984
0.215502
0.167823
0.199888
0.053380
0.070679
-0.042442
0.010623
0.018378
0.071717
0.039904
-0.135783
0.015033
0.153434
-0.021759
-0.322626
-0.189826
0.036128
-0.128489
-0.035700
-0.174656
0.067577
-0.060283
-0.047497
-0.090789
-0.055581
-0.244695
0.061643
-0.010987
-0.066071
-0.275098
0.363751
-0.065683
0.153773
0.143637
-0.216725
0.049661
0.105337
-0.015197
0.064228
-0.029415
-0.114762
-0.114095
0.001551
0.028887
0.178164
-0.050990
-0.022728
-0.004780
-0.053284
0.006101
0.020758
-0.156240
-0.093619
0.012251
-0.140790
0.085998
-0.008432
0.279726
-0.070619
-0.025302
-0.059484
0.065589
0.172623
0.008673
-0.031325
0.459994
0.048756
-0.111548
0.161401
0.021017
-0.086736
-0.036658
0.000650
-0.037413
0.032584
-0.090056
0.041439
0.035584
0.027327
0.025165
-0.072672
0.052653
-0.046086
-0.012882
-0.003047
0.064189
-0.062608
-0.046801
-0.023657
-0.300985
0.004335
-0.017672
0.028799
-0.123659
-0.048179
0.084766
-0.087168
0.378352
0.027080
0.029232
-0.077607
0.021795
0.016166
-0.037548
-0.084447
0.292630
-0.050538
0.041904
-0.019316
-0.151503
-0.055166
0.058269
0.078059
-0.049517
-0.005664
0.000243
-0.091399
0.153054
0.202074
0.004180
0.045528
-0.120005
-0.029630
-0.006818
-0.028890
-0.309343
0.005811
0.122179
0.228738
-0.016722
0.255700
-0.227104
0.085120
0.184555
-0.196848
-0.030965
0.131545
0.109899
-0.028130
0.070736
-0.097536
-0.054532
-0.199713
0.119346
-0.120210
-0.007853
-0.033564
0.111534
0.154987
0.048569
-0.049288
-0.123757
0.087862
0.071290
-0.152758
-0.009091
0.034097
0.098568
-0.102804
0.036912
0.146507
-0.001817
-0.233048
0.015619
0.191095
-0.003119
-0.012302
0.013051
0.024602
0.059883
-0.201267
0.127778
0.141152
0.135333
0.091005
-0.046585
-0.060702
0.080374
-0.059765
-0.206871
0.235988
-0.126142
-0.330079
-0.166056
-0.001808
0.071904
0.029376
0.005503
0.138591
-0.120592
-0.114127
-0.222266
-0.164584
-0.033283
0.083196
-0.174291
0.063924
0.012890
-0.021683
0.039195
0.307197
0.098529
-0.116219
0.020633
-0.081749
-0.065652
0.013561
0.138327
-0.149456
0.248415
0.034707
0.079625
0.345736
0.025282
0.012944
-0.016721
-0.063865
0.121367
-0.169238
-0.011723
0.009508
-0.207591
-0.133736
-0.072052
0.042649
0.128877
0.204219
-0.103668
-0.095286
0.344098
-0.027716
0.013962
0.004301
0.184655
-0.079099
0.041182
0.043523
-0.106105
-0.026151
0.033037
0.014025
-0.034999
0.072356
-0.099340
-0.033168
-0.169370
0.022931
0.101906
0.006130
0.100282
-0.121449
-0.003692
-0.178216
-0.008687
0.140151
0.334708
0.220289
-0.104350
0.069083
0.025911
0.036598
-0.190156
0.080488
-0.056358
-0.004453
0.015926
0.255174
-0.047360
-0.021772
-0.045695
-0.187785
0.036248
0.040255
-0.027306
-0.017412
0.030820
0.163597
-0.213573
-0.000531
-0.076122
0.247273
0.264830
-0.041301
0.042976
0.283559
0.051923
-0.229058
-0.058224
0.124760
-0.023759
0.001055
-0.082742
-0.043739
0.135598
0.036459
0.050863
-0.133879
0.224481
-0.319892
0.045467
-0.011494
0.051047
0.211894
-0.169406
-0.077113
0.137021
-0.278549
-0.010647
-0.192561
-0.047423
0.064786
-0.152428
-0.201884
0.081911
-0.111690
0.105512
-0.057071
0.025500
-0.012207
-0.032715
0.067692
-0.009068
0.040773
-0.099027
-0.019231
-0.063411
-0.003838
0.287273
0.030372
-0.061550
0.045003
0.014870
0.093656
-0.030843
-0.019599
-0.047000
-0.003399
-0.051835
0.347623
-0.121205
-0.067992
-0.108239
0.003323
-0.137079
-0.035270
0.064372
0.086823
0.029182
0.037714
-0.145333
-0.181379
-0.089792
-0.064890
0.357996
0.107134
0.007717
-0.027635
0.066972
0.000307
-0.011234
-0.044191
-0.248179
-0.106035
-0.008712
0.218691
0.053325
-0.197267
-0.030225
0.192939
-0.044898
0.000677
-0.160811
-0.024723
0.130174
0.184276
0.028051
-0.003376
-0.086223
-0.092378
-0.012688
-0.002247
-0.100993
-0.117242
-0.002230
0.009405
0.283273
0.103117
0.122932
0.179968
-0.042423
0.037389
-0.002776
0.100153
0.030812
-0.051982
0.020905
0.153166
0.009676
-0.159503
-0.190820
-0.033362
-0.017463
0.014740
-0.148198
-0.125712
0.064719
-0.367904
0.053075
-0.000245
0.050296
0.055647
0.018509
-0.011251
-0.224579
0.094015
0.038412
-0.163896
0.022463
0.272346
0.155728
0.013808
-0.012699
-0.025907
-0.037779
0.054185
0.100833
0.152050
-0.240684
0.033326
0.140852
-0.237578
-0.079747
0.028439
0.031657
0.000441
0.008751
-0.098813
-0.297092
0.005737
0.055688
0.173004
0.145105
-0.018573
-0.005417
-0.213044
0.020221
0.130428
0.049866
0.009086
-0.037320
-0.139536
0.070983
0.052364
-0.057079
-0.005813
-0.002554
0.160641
-0.022006
0.169724
-0.002167
-0.025791
0.112742
-0.357338
0.116407
0.079525
0.030441
-0.387005
0.027073
-0.191771
-0.101577
0.008360
0.016673
-0.095325
-0.096997
0.037284
-0.006458
0.047807
0.044044
0.038560
0.000859
-0.034409
0.027618
0.038886
-0.178433
-0.012442
-0.038546
-0.051947
0.024548
0.038664
0.107547
0.052961
-0.061357
0.347501
0.197339
0.052407
0.077148
-0.038447
0.122564
-0.035363
-0.200763
0.030675
0.090746
0.222069
0.047540
-0.015731
-0.154327
-0.055136
-0.025598
0.010407
0.245936
-0.173007
0.000582
-0.048652
0.197754
-0.076484
0.003547
0.165281
-0.197854
0.064951
-0.013160
-0.038335
0.295721
-0.039601
-0.001777
0.061413
-0.048140
-0.262641
-0.085361
0.241937
-0.009602
0.028926
-0.082936
0.094419
0.061561
-0.195887
0.028921
0.113110
-0.001041
-0.077012
0.043683
-0.017992
-0.416160
0.202387
-0.029521
-0.118936
0.002391
-0.002444
0.093464
0.187046
-0.023234
-0.011139
-0.005100
0.023196
-0.041071
0.027593
0.031717
0.185312
0.191664
-0.348261
0.025323
0.072647
0.108319
-0.081620
-0.176110
0.118308
0.006050
-0.199111
-0.195921
-0.058109
-0.127737
0.006893
-0.015908
-0.074412
0.349910
-0.189624
-0.172564
0.202348
0.070631
-0.231609
0.258474
-0.083437
0.017788
-0.027343
0.000136
0.041724
-0.098725
0.037653
-0.004093
0.180761
-0.041126
-0.207610
-0.008263
0.131320
0.115560
0.060622
-0.190667
-0.166434
0.178660
0.123229
0.061239
-0.018002
0.103396
-0.052055
-0.053642
-0.137861
0.134777
0.105707
0.008001
0.135523
-0.067044
-0.062412
0.117928
-0.141978
-0.025132
0.066555
0.042124
0.354648
-0.147216
0.201702
-0.040173
-0.014121
-0.100593
-0.220006
-0.192136
0.057914
-0.071655
0.073683
-0.048335
0.017567
0.010839
0.221535
0.038758
0.109150
-0.030804
0.202664
-0.030953
-0.220980
0.086277
0.040789
0.062975
-0.042851
-0.101099
0.279551
0.188830
0.069986
-0.035833
-0.088917
0.066420
-0.100744
0.290789
0.194685
0.004690
0.139993
-0.019302
0.135373
-0.031467
-0.147353
0.165809
0.092560
-0.116463
0.124764
0.053255
-0.059268
-0.029669
0.025916
-0.130941
-0.075091
0.007037
0.304947
-0.086744
-0.067867
0.013474
-0.131247
0.041270
0.103362
-0.059832
-0.087415
0.170335
-0.130190
0.058729
0.297595
0.114364
-0.174908
0.013398
-0.030386
0.024851
0.074786
-0.147109
-0.075048
0.164118
-0.029356
0.025608
0.074407
0.010978
0.130975
-0.009226
0.006562
0.075589
-0.183459
0.024721
-0.058137
0.204385
0.073276
0.030606
0.058166
0.040746
0.234405
0.115642
0.098189
0.087572
-0.086455
-0.021080
-0.133775
0.101747
0.227703
0.352952
0.053280
0.147908
0.220006
0.070975
0.044485
0.034446
0.060064
0.060460
0.114143
0.023565
0.087308
0.047012
0.166387
0.024957
0.079941
0.041341
-0.018519
-0.373151
0.135206
-0.078253
0.083785
0.149631
0.105288
-0.046967
0.063306
-0.047219
0.021325
0.221648
0.132590
0.135685
0.061400
0.111486
-0.096188
-0.020758
-0.224707
0.070167
0.011522
-0.038116
-0.278126
0.101122
-0.063087
-0.147540
0.006870
-0.224916
-0.102407
0.188699
-0.154876
0.024812
-0.083371
0.221950
-0.034983
0.102891
-0.032489
-0.048561
-0.304340
0.071116
-0.117050
-0.086795
-0.014244
0.023330
0.114077
0.079136
0.117800
0.019627
0.032586
-0.021755
-0.368050
0.214147
-0.007227
-0.076951
0.066111
-0.095357
-0.009595
-0.122598
0.110879
0.165887
-0.040839
-0.001273
0.058033
-0.024138
-0.031830
-0.043988
-0.118583
-0.063742
-0.021814
-0.011009
0.044898
-0.149377
0.167375
0.120504
0.137012
-0.005169
0.266562
0.211065
-0.002514
-0.058974
0.076245
-0.152034
-0.002576
0.359537
-0.079919
0.057371
0.032767
-0.087596
-0.039218
0.080534
-0.092961
-0.060482
-0.090797
-0.043549
0.001553
-0.004767
-0.015903
-0.193285
0.014254
-0.018030
-0.014149
0.042714
0.138111
-0.034640
0.180104
-0.048022
-0.042896
-0.004992
-0.064769
-0.064413
0.022259
-0.012801
0.079212
0.016371
-0.172251
-0.081287
-0.014338
0.476990
0.097968
-0.039277
0.011001
-0.040942
-0.047677
0.134780
-0.020470
0.087308
-0.131293
-0.003465
-0.025323
0.168160
-0.018934
-0.022208
0.383775
0.021585
0.070283
0.130252
-0.041929
0.144511
-0.257610
-0.023590
-0.152094
0.025564
0.096730
-0.112792
0.132912
0.087880
0.278357
0.000956
0.014453
0.126075
-0.031912
-0.054134
0.188680
-0.049015
0.106798
0.113608
0.065464
-0.003062
-0.050599
0.011026
-0.008371
0.233383
0.002777
-0.057998
-0.090644
-0.050286
-0.327119
0.249166
-0.204952
-0.097410
-0.118122
-0.031592
0.077346
0.254728
0.007077
-0.053943
0.073441
0.071184
-0.024535
-0.055714
0.081977
-0.033730
-0.079335
-0.082789
0.049376
-0.169361
0.069331
-0.236914
-0.074968
0.033974
0.037773
0.009797
-0.047526
0.084202
0.100769
-0.074727
-0.034765
-0.102791
0.054332
0.103347
-0.004936
-0.194252
-0.359904
0.044423
0.251509
-0.048214
0.018825
-0.006483
-0.032733
0.058639
-0.200663
0.166440
0.172701
0.284899
0.062811
0.023681
0.167158
-0.068751
-0.055175
0.130425
