(64,)
-0.023679
-0.031522
-0.005987
0.023367
0.014678
-0.033012
-0.026306
0.019375
-0.000697
-0.050479
-0.004878
-0.039650
0.070327
-0.007341
-0.054404
-0.010061
-0.027267
0.025331
-0.007719
-0.005375
-0.005734
0.012076
-0.008097
-0.014885
0.021012
0.045672
-0.022443
0.001675
0.007177
0.023236
0.004180
0.019755
0.004372
-0.001591
-0.023396
-0.014821
0.016301
-0.012886
0.040786
-0.004823
-0.007020
0.011178
0.042384
-0.011008
-0.024262
-0.018517
-0.046676
0.003272
-0.014929
0.008709
-0.036865
-0.023592
-0.017652
-0.015747
0.046282
-0.006444
0.080687
-0.032121
-0.009056
-0.019661
0.008965
0.102278
-0.023250
0.011973
