(1, 1, 256, 32)
-0.033186
-0.093126
-0.013069
0.045467
-0.007663
0.102522
0.111936
0.070720
-0.004476
-0.071812
-0.079922
-0.049707
0.037584
-0.026908
0.231714
0.006670
-0.034966
0.005268
-0.073666
-0.121484
-0.019543
-0.001366
-0.032960
0.009377
-0.214484
0.055841
-0.028415
-0.078772
0.023653
0.067541
-0.059957
-0.059166
0.084039
0.098173
-0.176775
0.116519
0.002762
0.095535
0.041005
0.113977
0.087999
0.046048
0.125249
-0.143113
0.011711
-0.045887
0.028916
-0.035431
-0.075806
0.018984
-0.036453
-0.073104
-0.101250
0.016485
0.055959
0.004298
0.036815
0.099604
-0.109393
0.026439
-0.013821
-0.042766
-0.006370
-0.104801
-0.108276
-0.047328
0.016386
-0.145462
-0.002558
-0.011546
0.019132
0.049421
-0.051181
0.071792
0.034159
0.076195
-0.053973
0.028794
-0.089750
0.117083
-0.069712
0.020576
-0.009736
0.221693
-0.017506
-0.041551
0.004191
-0.093788
-0.023310
-0.014720
-0.032371
0.017304
0.089943
0.163404
0.062286
0.203027
0.005026
0.035300
0.108109
0.115830
0.125342
-0.010644
-0.095173
0.068608
-0.115495
0.143192
0.039375
-0.294712
0.025983
-0.016422
-0.000893
-0.019549
0.014719
0.019324
0.116614
0.138231
-0.050761
0.075047
0.003048
0.097191
0.255355
0.175340
0.055168
0.124430
0.026959
-0.106820
-0.059422
0.089418
-0.042538
0.022200
0.039770
0.065654
-0.044167
0.104638
-0.039725
0.000724
0.100878
-0.001645
-0.083231
-0.071427
0.067754
0.077178
0.023435
-0.094547
0.007093
0.077474
0.021655
-0.104819
0.046478
0.065864
0.098499
0.034426
0.058412
-0.103472
-0.039718
-0.077710
-0.053808
-0.048364
0.087835
0.015452
-0.108614
-0.011688
0.089417
0.006613
0.090276
0.012135
-0.104412
-0.010623
0.240244
0.109880
-0.056816
-0.154713
-0.069353
0.006658
-0.023222
-0.001060
0.040343
0.094920
0.047353
-0.095371
0.027091
0.169414
-0.057876
0.089658
0.029905
0.107838
-0.110907
0.000282
-0.100798
-0.087520
0.084986
0.137228
-0.032420
-0.007068
0.127476
0.026204
0.034098
-0.048357
0.114643
0.151112
-0.019645
0.138172
-0.001405
0.108418
-0.381533
0.044457
-0.120880
0.075780
0.159327
-0.282326
0.063142
0.069853
0.038572
0.105644
-0.013010
0.146056
0.105104
0.028759
0.025767
0.030514
0.059131
-0.043731
0.044947
-0.013136
0.182161
0.032337
-0.092347
-0.083038
0.109829
-0.014701
0.026569
0.031769
-0.034520
0.096359
-0.063881
0.079128
-0.164071
0.022425
-0.109662
0.006906
0.016337
-0.096399
0.040754
0.065289
-0.112638
0.061505
0.067417
0.069516
-0.120525
0.041612
-0.018977
0.001515
0.003699
0.052456
0.201791
-0.172594
0.018312
-0.016653
-0.036700
0.013691
0.123547
0.009202
-0.214842
0.055540
0.031899
-0.031832
0.210475
0.122782
-0.090195
0.077361
0.176052
0.214955
-0.069139
0.003334
0.021373
-0.029029
-0.006554
0.033026
0.032737
-0.062972
0.144798
0.024014
-0.114332
-0.031361
-0.123843
-0.177066
0.045440
0.115378
-0.121652
0.064015
0.019569
0.014947
-0.118404
0.094620
-0.165540
-0.023057
0.022734
-0.070295
0.149022
0.097774
-0.016173
-0.059678
0.074636
0.056316
0.022216
0.025082
0.015406
0.104622
0.021557
-0.076191
0.007390
0.027249
0.132660
-0.061794
0.047259
0.024876
-0.021171
0.001727
0.159770
0.114933
-0.224751
0.163918
-0.023471
-0.143566
0.027558
0.129888
0.118694
-0.092236
-0.001690
0.052700
-0.042948
0.054561
-0.044235
-0.041440
-0.058539
0.017128
0.084744
0.019127
-0.035336
0.021527
-0.062530
-0.033002
0.143159
0.006908
0.144322
0.026053
-0.080249
-0.082414
0.032948
-0.091240
0.098220
0.090687
-0.000914
-0.109851
-0.104490
-0.098038
-0.174175
-0.015959
0.193970
0.021432
0.037613
0.178862
0.045424
-0.045441
0.074560
0.121609
-0.109572
-0.129996
-0.003924
0.009422
-0.033342
-0.064912
0.060818
0.076703
-0.042758
0.005908
-0.175471
0.054577
0.033194
0.081720
0.114045
0.029066
0.006104
-0.002245
-0.028853
0.051389
-0.335735
0.155140
0.160152
0.106528
-0.054717
-0.152685
-0.013333
0.008783
0.021725
0.049120
-0.073234
0.010936
-0.034027
0.031498
-0.116885
-0.031829
-0.035515
-0.064947
-0.050494
-0.034539
-0.040596
0.079598
-0.043200
0.048085
-0.013008
-0.044496
0.140972
-0.220127
-0.064906
0.069183
-0.057400
-0.060510
-0.007999
-0.058569
-0.076581
0.095318
0.019928
-0.087456
-0.039347
-0.054866
-0.017844
-0.018403
-0.001995
-0.025499
0.009791
-0.013765
-0.001578
0.009536
0.023665
-0.087376
0.003818
-0.039811
-0.014674
-0.006371
-0.011709
-0.033385
0.004096
0.006285
-0.004013
0.003907
-0.025244
0.019832
-0.183321
0.135930
0.038500
0.118989
-0.005721
-0.027361
0.036412
0.003973
0.064053
0.090140
-0.081181
-0.018724
0.054485
0.042378
-0.104595
0.056873
-0.260265
-0.032595
0.049398
0.229145
-0.000408
0.207423
0.192455
0.052333
-0.002047
0.069518
0.176739
-0.014637
-0.023975
0.034268
0.104230
0.128686
-0.060000
-0.132785
-0.024717
-0.058905
-0.093476
-0.031445
-0.067611
-0.017629
-0.095643
0.269572
-0.003280
0.413083
-0.008166
0.114384
0.088832
-0.174407
-0.007521
-0.016584
0.041059
-0.021638
0.032934
0.008086
0.032712
0.004042
-0.075177
-0.041799
-0.030849
0.056696
0.081286
0.077217
0.023406
-0.010611
-0.064483
-0.030358
-0.009479
-0.120341
-0.067273
0.041759
-0.046353
0.000691
-0.060634
-0.007377
-0.022956
0.018158
-0.194216
-0.017152
0.378215
0.013439
0.139059
-0.165369
-0.102450
-0.136363
0.062085
-0.113719
-0.065320
-0.007454
-0.084958
-0.071396
0.145997
0.103959
0.115303
0.084553
-0.108656
-0.178091
0.018799
0.131301
0.059078
0.129062
0.116543
0.013779
-0.022742
-0.016956
0.043498
0.056278
-0.106568
0.051899
0.042193
0.083624
0.026999
0.052086
0.061998
-0.194306
-0.019928
0.025954
-0.132959
0.340486
0.204109
0.136703
-0.009495
0.089957
-0.041124
-0.010247
0.027814
0.212290
-0.046065
-0.077532
0.026761
-0.095404
-0.086932
0.074054
-0.070087
0.083436
-0.078914
-0.028460
-0.000553
-0.317897
0.177227
-0.234222
0.034778
-0.051034
0.126148
-0.024128
-0.086244
0.000921
-0.039033
0.014025
0.057256
-0.001930
-0.098315
0.023483
0.005455
-0.181038
0.023253
-0.020880
0.002439
0.059167
-0.140065
0.017548
-0.061057
0.052896
0.105154
0.148153
0.164073
-0.057614
0.134845
0.140050
0.081581
0.139604
0.043363
0.125958
0.016248
-0.004213
0.000634
-0.115292
-0.063190
0.000699
-0.005513
-0.107466
0.063230
0.022090
0.104090
-0.006470
0.068556
0.152954
0.055477
-0.079062
-0.146253
-0.025078
-0.030263
0.023837
-0.030683
-0.065700
-0.016397
0.013985
-0.005132
0.074027
0.097149
-0.107329
-0.105528
-0.019193
-0.112505
0.073311
-0.023130
0.116625
-0.029291
-0.192292
-0.001036
-0.010220
-0.001250
-0.031779
-0.042294
-0.010497
-0.081903
-0.016889
0.052618
-0.116989
0.030883
0.020711
0.187038
-0.170618
-0.092505
0.067702
0.192785
0.006607
0.032388
0.097108
0.095957
0.035380
-0.030277
0.095003
-0.065445
0.149152
0.031725
0.072078
0.210076
0.065557
-0.069729
0.063447
0.030054
0.168955
0.101223
0.125846
-0.000120
-0.305098
0.122091
-0.141855
0.062318
0.114739
0.136600
-0.004170
0.076589
-0.195465
0.074080
-0.182028
-0.117116
-0.165259
-0.004892
0.035545
0.027117
0.110101
0.017546
0.115068
-0.047450
-0.026926
0.044311
-0.080261
-0.055977
-0.063710
0.151628
-0.021961
0.065643
-0.030324
-0.046899
-0.165206
-0.048378
0.045900
0.011075
-0.088253
-0.023682
0.025303
-0.015142
-0.027471
-0.123685
-0.100759
-0.062823
0.120512
-0.021532
-0.139472
0.070558
0.092536
0.103877
0.025195
0.154250
0.112430
-0.026918
0.009924
-0.060425
-0.095065
-0.082144
0.025180
0.009544
-0.131982
0.036617
0.031635
-0.052043
-0.060050
0.044678
-0.061950
0.026070
0.058713
-0.066445
0.013727
0.072180
-0.052988
0.001011
0.224387
0.083481
-0.083149
0.088927
0.014367
0.153143
0.045289
-0.058738
0.076016
0.047384
-0.115218
0.131184
0.166029
-0.031320
-0.240065
0.014438
-0.027794
-0.000868
0.050306
0.040612
-0.017261
-0.058211
-0.032233
0.021831
-0.020263
-0.027854
-0.095191
0.025800
0.026817
0.037171
-0.006965
-0.110878
-0.077931
0.000765
-0.054589
0.234883
0.075958
0.005082
-0.086334
0.043791
-0.085849
0.023313
0.090427
-0.028051
0.105412
0.090053
0.030231
-0.002245
-0.008095
-0.308468
-0.033747
-0.001547
-0.028476
-0.001271
0.225983
0.040793
0.115961
0.157846
0.063754
0.148596
0.074788
0.174621
0.054854
-0.011795
0.091040
-0.023053
-0.203195
-0.084416
-0.064690
0.034385
-0.054340
-0.056053
0.074770
0.175555
-0.021105
-0.085463
-0.096383
-0.040550
-0.082134
0.072401
0.102270
-0.018360
-0.033726
-0.016684
0.189219
0.016877
0.010178
-0.046263
-0.106843
-0.008949
-0.055134
-0.094268
-0.011941
-0.090785
-0.131378
0.056182
-0.070120
-0.057609
0.241434
-0.074738
-0.045217
0.100396
0.063659
0.103981
0.121153
-0.151958
-0.046877
-0.107912
0.140524
0.007283
-0.158069
-0.068707
0.006120
0.076298
0.001632
-0.026066
-0.022586
-0.045172
-0.066696
-0.053170
-0.020561
-0.084204
-0.003832
-0.118721
-0.147203
-0.052242
-0.042899
0.075884
-0.011630
0.048679
-0.052637
0.247336
-0.004318
0.098405
0.096071
0.032315
0.028100
0.053343
-0.062333
0.044325
0.100468
-0.004694
0.094985
0.107263
0.071453
0.028544
0.063488
0.056573
0.034356
0.039337
-0.065644
-0.192583
0.056816
0.081862
0.066737
0.086795
-0.000180
-0.088013
-0.000680
-0.055630
-0.104674
-0.036241
-0.136090
0.035960
0.138356
0.113328
0.051474
-0.087415
0.013979
0.004263
0.030584
0.285150
0.160075
-0.033319
0.051318
0.027242
0.035980
-0.099356
-0.039196
0.049056
-0.041811
0.049829
0.032238
-0.025402
0.021997
0.054294
0.122575
0.051480
0.133847
0.095810
0.019754
-0.093264
-0.003244
-0.063128
-0.077380
-0.000229
-0.028117
-0.009216
0.064893
0.053581
-0.014920
0.016094
0.114575
-0.202681
-0.089518
-0.125006
-0.056914
0.031791
0.046133
-0.029512
-0.060634
0.068526
0.025269
-0.000299
-0.084095
-0.065392
0.001712
0.071961
-0.044583
-0.084943
-0.122180
0.023893
-0.009422
0.152725
0.065520
-0.130629
0.019711
-0.018068
-0.072625
0.062498
-0.116212
-0.117165
0.007367
0.199594
-0.045083
-0.071437
-0.059749
-0.153128
-0.076527
0.114516
-0.035304
0.228977
0.052350
-0.075208
0.063538
-0.061501
-0.109704
-0.116429
0.008373
0.045196
0.115168
-0.080572
-0.020753
-0.003948
-0.109595
0.063006
-0.020576
-0.021299
-0.004224
-0.030996
-0.104711
0.046021
0.115788
0.085153
-0.033437
0.139316
0.052388
-0.074877
-0.313203
-0.014077
-0.033402
0.001412
0.137868
0.007108
-0.020468
0.089100
0.042622
0.061881
0.004406
-0.002944
0.059475
-0.003800
-0.001812
-0.068976
-0.151696
-0.038252
-0.057968
0.006663
-0.042560
0.097934
0.065007
0.088513
-0.086094
0.013572
-0.016660
0.055055
-0.000435
0.050275
-0.101706
-0.136105
-0.266798
-0.111248
0.121482
0.107352
-0.014387
-0.013936
-0.040807
0.002654
-0.006425
-0.040505
0.050738
-0.016417
0.025635
-0.026832
-0.027034
-0.003024
-0.106737
0.050420
0.046539
0.111303
-0.031402
0.052926
-0.019256
0.109363
0.007326
-0.147759
-0.068798
-0.200157
0.108423
0.174266
-0.087944
0.075579
0.059462
-0.082512
0.043715
0.009536
0.148525
-0.011148
-0.128080
-0.035429
-0.032983
-0.056705
0.025492
0.017392
0.085447
0.048374
0.024268
-0.086610
-0.040562
0.046717
-0.021198
0.015029
0.094612
-0.067397
-0.118398
-0.016327
0.061526
-0.023069
-0.145145
-0.080425
-0.065025
0.024620
-0.116368
-0.005618
0.036487
0.042800
0.118334
-0.181142
-0.108642
0.038035
0.091326
-0.032108
-0.040786
-0.072796
-0.131109
0.144835
0.200920
0.008282
0.016168
-0.084321
0.013811
0.029695
0.035311
0.024231
0.108647
0.110607
0.267441
-0.067205
0.051481
-0.142374
-0.015444
0.121872
0.126175
-0.038600
-0.175784
0.014140
-0.023456
-0.008054
0.068510
-0.002286
-0.091619
0.006296
0.203861
-0.040539
0.037431
-0.091846
-0.255898
0.296654
-0.036470
0.194631
-0.037342
0.054406
-0.044605
-0.088477
-0.163546
0.033439
0.187282
-0.013117
0.130658
0.005196
0.041576
0.113786
-0.020537
0.139707
-0.132577
0.101960
-0.044127
-0.189795
-0.006858
0.046205
0.016533
-0.001245
0.017026
-0.010202
0.041977
0.014069
0.025722
0.084286
0.138966
-0.001852
-0.026892
-0.084216
0.021051
0.194137
-0.141207
-0.039826
0.103778
0.173555
-0.002962
0.078089
-0.002870
0.098787
0.180840
-0.007705
0.091467
-0.064889
0.058643
0.008001
0.071675
-0.021664
-0.298027
-0.054848
0.211847
0.014246
0.060625
-0.107705
-0.074065
0.113900
0.031768
0.076759
0.039604
-0.012743
-0.001051
0.060092
-0.079395
0.010959
-0.021617
-0.063861
-0.039138
0.026333
-0.032488
-0.016860
-0.026194
0.018873
0.035212
0.195308
-0.086354
0.193786
-0.081009
0.209223
0.037926
0.035481
0.129944
0.100534
0.111857
-0.031430
0.111130
-0.094004
0.004740
-0.004477
-0.058531
0.050782
0.024861
0.013415
0.047897
0.083363
-0.001022
-0.164371
0.092325
0.010502
0.065155
0.041452
-0.168746
-0.032226
-0.043366
-0.009640
0.000395
-0.044102
-0.055649
-0.027854
-0.041285
-0.073684
-0.031395
-0.030675
-0.133750
0.244907
-0.024733
-0.024864
-0.028552
-0.201750
-0.071171
0.074698
-0.000770
-0.073680
0.107733
0.155021
-0.024209
0.084525
-0.027759
-0.052069
0.046851
0.024935
0.020898
-0.011983
0.167239
-0.027864
0.127692
0.013931
-0.050866
-0.013301
-0.257520
-0.128908
-0.018912
0.025351
-0.098369
-0.122888
0.206719
0.143268
-0.010129
0.091362
-0.027222
0.149227
0.026675
-0.022115
0.032778
-0.042133
-0.041727
0.065120
0.005927
0.069778
-0.128319
0.032331
0.031735
-0.043574
0.084347
0.068084
-0.107063
0.064482
0.072059
-0.027480
-0.024878
0.170594
0.112390
0.070910
-0.175352
-0.038513
0.142634
-0.228655
0.056558
0.033925
0.210743
0.016678
-0.046202
0.073925
0.003996
-0.065309
0.017027
0.055246
0.058638
0.005719
-0.070737
0.019454
0.128159
0.102527
0.153047
0.014369
0.105753
0.297768
-0.052085
-0.114640
0.072667
-0.126302
0.208837
0.038923
0.025077
-0.078136
0.001171
0.031233
0.074284
0.069839
0.162266
0.023443
0.094911
0.036683
0.017930
-0.091762
0.099566
0.108809
0.077832
0.081275
0.142525
0.037049
0.026524
0.043386
0.071580
0.121174
0.009077
-0.123035
-0.040995
-0.071529
0.003502
0.019467
0.126999
0.014925
-0.039928
0.009241
-0.143584
0.043358
0.007670
0.196594
0.039365
-0.082274
-0.023486
0.035034
-0.079617
0.155214
-0.006399
0.189854
0.150360
0.036863
0.003620
0.041296
-0.118313
-0.110118
-0.019185
0.001430
-0.039460
-0.208908
-0.023124
0.063256
0.230181
0.063486
-0.055180
-0.065714
-0.095785
-0.153389
0.085210
0.042371
0.158946
-0.007841
0.032895
0.090765
-0.004358
-0.017818
0.042580
0.168423
-0.033577
-0.064026
0.058135
-0.278635
-0.146606
0.024616
0.057557
0.104702
0.156759
-0.066153
0.022387
0.011246
0.023087
-0.088862
0.034102
0.053691
-0.038196
0.070695
0.123543
-0.066786
0.242816
-0.125884
0.072500
0.112507
-0.068749
0.119758
-0.068984
-0.008525
0.029232
0.139106
0.124350
0.112291
0.174679
0.111985
-0.005144
-0.104100
-0.072712
-0.043734
0.127062
0.204213
0.130010
-0.001251
-0.083584
0.021927
-0.077278
0.010440
0.062459
0.020854
0.057824
-0.087344
0.002341
0.101133
0.156129
-0.095447
-0.145133
0.048233
-0.000224
-0.139320
0.210605
0.083827
-0.151251
0.060289
-0.146321
-0.023167
0.161160
-0.094887
-0.028319
0.030102
0.020006
-0.140182
-0.038576
-0.035037
-0.013548
-0.021768
0.001584
0.013268
-0.004295
0.010625
-0.074252
-0.122578
0.050074
-0.043507
-0.050892
0.050657
-0.011396
-0.086824
0.025412
-0.018672
-0.139282
-0.185228
-0.130951
0.005938
-0.105640
0.056370
0.072098
0.090332
0.003916
0.026921
0.148166
0.119601
-0.020976
0.037575
-0.030156
0.017082
-0.088997
-0.051393
0.000954
0.177001
0.133799
0.160094
0.150544
0.022795
0.121284
0.045076
0.016988
0.096857
0.105660
0.020669
-0.066847
0.164508
0.087038
0.034793
0.116084
0.084028
-0.063969
-0.055762
0.013966
-0.069205
0.049502
-0.055400
0.073583
-0.012775
-0.117655
-0.001057
0.035369
-0.027611
0.042847
0.034047
-0.060800
0.097695
-0.008879
0.025942
0.009588
-0.030221
-0.078120
0.050219
-0.075149
-0.149124
-0.043829
-0.096932
-0.146500
0.041281
-0.136499
-0.041199
0.042095
0.067924
-0.064129
-0.035248
-0.041714
-0.041992
-0.173329
-0.217851
-0.043194
0.133252
-0.085331
-0.008444
-0.080133
-0.043656
-0.172499
0.082241
0.210268
-0.052480
0.047587
-0.061785
-0.122863
0.052750
-0.059124
0.067821
0.029429
-0.070430
0.196816
-0.000485
0.010825
0.047940
0.056792
-0.068422
0.036931
0.047525
-0.014687
-0.014408
-0.402877
0.023596
0.095908
0.047228
0.045037
-0.088534
0.015940
0.033685
0.002415
0.065441
0.036098
-0.017962
-0.016682
-0.109801
-0.049189
-0.055982
0.473520
0.037465
0.066457
0.015477
0.070075
0.078477
-0.004597
-0.130117
-0.075919
-0.015070
0.066387
0.131239
0.036124
-0.066470
-0.015614
-0.111575
0.124280
-0.018888
0.034026
0.000801
0.168135
0.176850
-0.102828
-0.004157
0.037405
0.022931
-0.136084
-0.061444
-0.041471
0.042842
0.060173
0.029473
0.123811
-0.150733
-0.028866
0.156113
-0.111646
0.030679
0.030127
0.048348
0.220438
-0.060500
-0.049507
-0.071164
0.004450
0.149494
-0.135060
0.049256
0.030275
0.052057
-0.054692
0.028408
0.127769
-0.048201
-0.082555
0.067852
-0.039389
0.013190
-0.052293
0.090594
-0.030042
0.113126
-0.046917
0.022760
0.004970
-0.020146
0.009555
0.004918
0.169932
0.031125
-0.097466
-0.057898
-0.080791
-0.053546
0.133625
0.190293
0.042761
-0.075058
-0.040899
-0.007598
0.007229
-0.051039
0.042427
-0.161534
0.029196
-0.042542
-0.032582
0.223567
-0.060564
0.124121
0.121324
-0.011862
0.187171
0.120688
-0.171704
-0.056963
0.050415
0.061645
0.042021
0.076004
-0.048286
-0.015104
0.029769
-0.077288
0.088020
0.089910
0.069789
0.115564
-0.011796
-0.030878
0.141044
0.019908
-0.141906
-0.020862
0.249005
0.049025
0.202816
-0.149099
0.039301
0.023189
0.066132
0.039911
0.145850
0.041772
0.147487
0.086962
0.145789
0.125589
-0.040586
-0.009203
-0.037655
-0.050030
0.052803
-0.016004
0.068763
-0.053308
-0.121605
0.010329
-0.034976
-0.071937
0.000503
-0.008350
-0.094528
-0.027681
0.005771
-0.058453
-0.051261
0.145646
-0.095416
0.080510
-0.047312
0.010962
0.090139
-0.058381
-0.090455
0.083031
-0.118933
0.080021
-0.066123
-0.029719
-0.089951
0.118214
-0.078379
0.062743
-0.038659
-0.073970
0.300040
-0.077753
-0.039367
0.067997
-0.035280
-0.009873
0.096008
0.070052
0.067663
0.026320
-0.022653
-0.128075
-0.043265
0.081021
-0.038753
-0.079598
0.102950
-0.178266
0.062831
0.001368
0.073672
-0.030011
-0.141789
0.051177
-0.132870
-0.021202
-0.003937
0.269816
-0.079646
0.018466
0.007374
0.026298
-0.033365
-0.055855
0.078278
0.058396
-0.044263
0.037228
0.011204
0.009855
0.117770
0.000378
-0.104658
0.186913
-0.050951
-0.022752
0.021963
-0.048169
0.033275
-0.053763
-0.110867
0.108029
-0.186241
-0.082518
-0.037827
0.009979
-0.127493
0.059411
0.053877
-0.087599
-0.107279
-0.024883
-0.071308
0.052776
0.007538
-0.013763
0.243305
0.024219
0.078384
0.099921
-0.107640
0.076396
0.127322
-0.059157
0.032101
0.124752
0.124626
0.072524
0.031906
-0.186793
0.045681
0.013685
0.053923
-0.001069
0.119964
-0.027129
0.072817
0.161272
0.015734
0.028184
-0.111299
0.052714
-0.026654
0.099047
-0.042253
0.122432
-0.038249
0.093499
0.011845
0.033254
-0.028428
-0.011189
-0.002617
0.074715
-0.063945
-0.092041
-0.002378
-0.117384
-0.105315
0.008406
-0.112483
-0.049979
0.000075
-0.085771
-0.025319
0.158964
-0.005365
-0.038332
-0.040480
-0.047433
-0.038575
-0.149115
-0.064793
-0.024598
-0.129355
0.188958
-0.018559
-0.216468
-0.106081
0.135902
-0.015000
0.162762
-0.108928
0.095670
-0.035383
0.102324
0.117602
0.084308
0.045932
-0.083130
-0.084604
0.028223
0.187647
0.091632
-0.014334
-0.025591
0.031674
0.055499
-0.125394
0.100452
-0.043335
-0.027890
-0.185299
0.051280
0.072841
0.110888
0.115342
0.001549
-0.103350
0.051505
-0.072400
-0.031706
0.065660
-0.128888
0.097528
-0.010604
0.061762
-0.151061
0.067922
0.054822
0.041015
-0.122579
0.041780
-0.005921
0.000810
-0.001766
-0.028071
0.080169
0.016451
-0.085497
-0.015794
0.082018
-0.050115
0.145257
0.057212
-0.109539
0.018888
0.017696
0.076962
-0.097062
0.078699
-0.117452
0.006034
-0.077055
-0.038592
-0.038446
0.064901
-0.057984
-0.052878
0.039681
0.100702
-0.049730
0.011429
0.003215
0.018038
-0.125115
-0.097680
0.158738
-0.092531
0.000208
0.059246
0.139439
-0.023084
0.079178
-0.027233
0.176809
0.125085
0.217639
-0.119273
0.011678
-0.028404
-0.104177
-0.028312
0.062074
0.221178
-0.022649
-0.194510
-0.143276
-0.056894
-0.125790
-0.012930
0.101831
-0.018482
-0.047652
-0.008502
0.144059
-0.042147
-0.002871
0.273028
0.047803
0.039490
0.003267
-0.019521
0.038810
-0.107534
0.015791
0.027782
0.208142
-0.046074
-0.063981
0.033794
-0.032126
0.183905
0.120096
0.077403
-0.031381
0.020058
-0.116895
-0.080196
0.030469
0.059873
0.054489
0.182077
-0.067078
0.018187
-0.040144
-0.178461
0.047473
-0.088473
0.047099
0.041265
-0.009070
0.016043
-0.167470
-0.012147
-0.128087
0.068094
0.007605
-0.129975
0.004333
-0.097185
0.009910
-0.003830
0.015786
0.004176
-0.039482
-0.076732
-0.086301
0.112942
-0.040251
-0.013269
-0.021185
-0.106242
0.009714
-0.042690
0.083570
-0.068154
-0.135928
0.085721
0.012106
-0.010932
-0.116626
-0.015335
-0.077149
0.053513
-0.018990
-0.034882
0.051280
-0.015744
-0.000112
0.038097
-0.026140
0.008346
0.128891
0.045545
-0.098107
0.041435
0.338471
-0.025380
0.094396
-0.011778
0.027882
0.087875
0.123322
-0.143071
0.050574
0.027270
0.060158
-0.021016
-0.082456
-0.184066
-0.006623
-0.056466
0.024249
-0.049454
-0.007289
-0.079562
0.021284
0.039625
0.042752
-0.110370
-0.022463
-0.000644
0.024021
0.008976
0.199571
0.085305
-0.029565
0.065220
-0.006224
0.112708
-0.028383
-0.087805
0.146295
-0.165606
-0.149975
0.055169
-0.029798
0.123072
-0.222265
0.021731
-0.045945
-0.110227
-0.059748
-0.095871
0.012268
-0.090611
0.039023
-0.072897
-0.096498
0.118572
-0.033756
-0.021249
0.018441
0.014688
0.063068
-0.082211
0.040700
-0.001934
-0.082003
0.077249
0.046536
0.254011
0.015827
-0.100601
-0.010501
0.080363
-0.010554
0.051537
0.013905
-0.059645
-0.001888
0.011436
-0.048674
0.162088
-0.034582
-0.180544
-0.010264
0.088882
-0.096185
-0.098173
0.052144
0.033033
-0.020782
-0.103161
0.032833
-0.034024
-0.019499
0.020235
0.063732
-0.473528
0.074458
0.024622
0.121154
-0.065426
0.265755
0.015993
-0.096818
0.127343
-0.012772
-0.180150
-0.039787
0.047840
0.124578
-0.164728
-0.073213
0.009275
0.150789
0.083565
0.106017
0.010261
-0.082824
0.165507
-0.065789
0.009447
-0.001345
0.106573
0.012078
-0.017609
-0.002562
-0.058612
-0.076586
-0.048648
-0.132499
0.031038
0.119053
-0.077188
0.031445
0.126600
-0.075825
-0.167073
0.063559
0.069826
-0.053521
0.025592
0.018924
0.112774
0.006779
0.047970
-0.152677
0.030074
-0.083635
0.092538
0.323545
0.044479
0.039744
-0.013731
0.155274
-0.113184
-0.041487
-0.074373
0.039492
-0.055746
0.025346
0.055052
0.150594
0.023445
0.098604
-0.077094
0.037213
0.085117
-0.048017
-0.064761
-0.046550
-0.052560
-0.055908
0.021487
-0.234593
0.149910
-0.102799
0.108385
0.064331
0.017369
-0.057055
0.029321
0.143548
0.191937
-0.102319
0.003401
-0.014345
0.117537
0.065760
-0.058145
0.039404
-0.055605
-0.047346
0.055425
-0.020594
0.066868
0.238428
-0.056031
0.076938
0.148482
-0.036678
-0.060838
-0.027711
0.171663
0.086661
0.006549
-0.032631
-0.012776
0.097184
0.138887
0.245638
0.069459
-0.068297
-0.043883
0.012246
0.072940
0.195087
-0.087422
-0.054794
-0.024216
-0.006999
-0.059428
0.189799
0.087327
0.111159
0.040578
0.173561
0.040285
0.019671
-0.092815
0.072571
-0.114496
-0.022076
-0.089738
-0.022568
-0.053671
-0.031445
-0.035484
0.102578
-0.129148
0.383785
-0.182428
-0.048464
0.057813
-0.001196
0.045028
0.112514
-0.052782
0.040565
-0.037801
0.089160
0.017316
0.064907
0.004063
-0.024511
0.028304
0.056234
0.171070
0.070149
0.044795
-0.101693
0.015972
-0.121046
0.009057
-0.018898
0.013868
0.180323
0.064706
-0.050048
-0.045400
0.139960
0.144508
0.153081
0.103511
0.029701
0.158054
0.019155
-0.018762
0.010489
0.008132
0.033650
0.026303
0.034915
-0.015582
0.060327
0.064810
-0.026053
0.001005
-0.243448
-0.144357
0.032839
-0.079028
-0.086093
-0.000704
0.066836
0.023443
-0.035119
-0.031216
-0.016597
0.096022
-0.120645
0.094996
0.076803
0.130890
0.049300
0.047778
-0.018447
0.005514
-0.048046
-0.016687
-0.077233
0.020680
0.050432
-0.118283
-0.085633
0.203898
0.048045
0.061150
0.025131
-0.084004
-0.040047
-0.076362
0.045411
-0.038927
0.043297
-0.112746
0.052721
0.024649
0.010605
0.050024
-0.064950
-0.082450
0.012980
-0.009872
0.036616
-0.008932
-0.236663
0.083135
0.026772
-0.002774
0.047874
0.046133
-0.083328
-0.018312
-0.006858
0.060235
-0.045380
0.045559
0.011749
0.028993
0.073370
0.007723
-0.043046
0.209722
-0.057806
0.172582
0.093976
0.002924
-0.027472
-0.048787
0.160680
0.040157
-0.126702
-0.084606
-0.148014
0.116751
-0.193214
-0.025921
0.238497
-0.047037
0.003026
0.027440
-0.014100
0.058535
-0.090697
-0.194393
-0.008214
0.037122
-0.103927
-0.028267
0.102620
-0.009803
-0.013661
0.040837
0.027028
0.031597
-0.036840
-0.111639
0.045640
-0.035095
-0.043778
-0.038944
-0.056680
-0.068593
-0.041407
-0.076847
-0.178381
-0.007586
-0.056136
-0.111535
0.084077
-0.144851
0.032995
-0.256933
0.016015
-0.029806
0.031554
0.031534
0.095602
0.024389
0.125765
0.107122
0.051872
0.016960
0.048579
-0.047657
0.018485
-0.111316
-0.021185
0.171328
0.010080
0.052432
0.135886
0.089059
0.015699
0.096390
0.031688
-0.118806
-0.042749
0.001193
0.191679
0.035611
0.069678
-0.028006
0.075693
-0.048114
0.095402
-0.073801
-0.069244
0.017913
-0.015776
0.068434
-0.010962
0.005051
-0.008529
0.137261
-0.004224
0.055337
-0.049319
0.023786
-0.038249
0.049949
-0.055108
0.114243
-0.068796
-0.008142
0.179036
0.039049
0.059435
0.001328
0.024028
-0.057906
0.058193
0.134796
-0.015088
0.069428
-0.005934
0.147185
0.150939
-0.034399
0.025943
0.060275
0.024965
0.061998
0.011014
-0.106059
-0.079692
-0.072572
0.050400
0.016622
0.087938
0.019259
-0.112653
0.019531
0.024070
0.057818
0.128659
-0.103834
-0.044576
0.109458
0.100318
0.093449
0.075810
0.006708
-0.032922
0.088700
0.011058
0.125307
-0.094621
0.060804
0.280737
-0.060106
-0.147648
0.036304
0.173118
0.197547
0.051949
0.140152
0.086398
-0.098748
0.204717
-0.102848
0.057849
0.039908
-0.112949
-0.017680
-0.002070
0.038454
-0.060920
0.081699
0.086195
0.136712
-0.075758
0.091913
-0.038456
-0.071660
0.001129
0.084914
0.050652
0.104891
-0.013120
0.080473
0.065795
0.054938
-0.106904
0.031206
0.057103
0.020926
0.106039
-0.017993
0.062869
0.031730
0.004190
-0.047992
-0.148225
0.265050
0.027107
0.026905
-0.092086
0.064531
0.010435
-0.047292
-0.002137
-0.042318
-0.001319
0.044129
-0.060897
-0.018745
-0.050633
0.030692
0.046035
-0.012927
-0.102428
0.011861
0.058383
0.036645
0.120083
-0.265193
-0.062850
0.094801
-0.086144
-0.116089
-0.094977
-0.021435
-0.121874
-0.053344
-0.160372
0.050014
-0.121270
-0.060326
0.117452
-0.118961
-0.093023
0.390285
-0.036613
0.132478
0.118594
0.054711
0.100884
-0.024545
-0.030860
0.201858
-0.137281
0.051067
0.053975
0.022120
-0.058412
-0.039763
-0.110553
0.000967
-0.097273
0.066371
0.098222
0.010890
0.029820
-0.115042
0.000386
0.116066
-0.034847
0.064600
0.051785
-0.049847
0.052256
0.111958
0.025478
0.025759
0.042424
-0.077717
0.056845
-0.055278
-0.014870
0.137131
-0.036840
-0.043323
-0.074008
-0.288509
0.128683
-0.185480
-0.020437
-0.127238
-0.041041
-0.019499
-0.028430
0.015045
-0.002589
-0.039458
-0.006776
0.004042
-0.059071
-0.023142
0.099426
-0.038464
-0.016516
0.023006
-0.060916
0.025541
0.014143
-0.051035
-0.060250
-0.149898
-0.026546
-0.142613
-0.091672
0.290194
0.085042
-0.103950
-0.218345
-0.214263
0.128058
0.192516
-0.092492
0.059175
0.004761
-0.035946
-0.075523
-0.042159
-0.035526
-0.152072
-0.084462
-0.025054
-0.077894
-0.068592
-0.076020
-0.124912
-0.087782
-0.012440
0.063989
-0.006279
-0.016169
-0.032316
-0.149878
-0.078789
-0.018688
-0.034739
-0.021301
0.069734
-0.022993
-0.004815
-0.060769
-0.026342
-0.035236
0.054558
-0.116492
-0.037722
0.032002
-0.082291
-0.015053
-0.050503
0.006652
-0.023864
0.049324
0.123924
0.042097
-0.048206
0.061329
0.056069
0.254780
-0.002648
0.026930
-0.134792
0.074235
0.094153
0.138207
0.309247
0.057943
-0.053346
-0.076416
-0.017796
-0.068626
0.063912
0.084983
-0.007038
0.013343
-0.071204
0.123559
-0.126799
-0.142538
-0.082994
-0.013043
0.091055
0.097759
0.150005
0.089954
0.011329
0.006193
-0.036680
0.020954
0.029673
0.035051
0.090419
-0.002626
0.113857
0.130863
-0.074992
0.067343
0.004216
-0.099501
-0.063074
-0.051283
-0.094711
-0.075773
0.168357
-0.036508
0.056183
0.064260
0.014354
0.039503
0.323048
-0.052961
0.096424
0.006746
0.078510
0.113634
0.113410
-0.022352
0.038654
0.220117
0.001624
0.048381
-0.028231
0.018398
0.072663
-0.154787
-0.146100
-0.028238
-0.055542
-0.070995
-0.023818
0.054941
0.052176
-0.038539
0.085314
-0.029739
-0.043264
0.085707
0.233181
0.105514
-0.258194
0.008188
-0.142088
0.028543
0.123828
0.019413
-0.060126
-0.063321
-0.021173
0.003987
0.057829
-0.086444
-0.011483
0.034855
-0.096233
0.065672
0.076820
-0.041017
-0.116667
0.260366
0.048188
-0.111069
-0.026354
0.043044
-0.099480
-0.029927
0.043212
-0.000991
0.001616
0.017140
-0.078658
0.012064
-0.214337
-0.140288
-0.019323
0.003968
0.111554
-0.132727
0.005364
-0.054330
-0.083595
-0.015001
-0.019132
0.014461
-0.043095
0.024494
0.130326
-0.041946
0.132601
-0.082635
0.051017
0.158679
0.095455
-0.101579
-0.029047
0.227763
-0.019150
0.017963
0.079255
0.008996
-0.128731
-0.087955
-0.120812
-0.001975
0.027479
0.027730
-0.116359
0.041916
0.002185
0.091411
0.012176
-0.032479
-0.055665
0.102740
-0.028657
-0.086056
0.029824
-0.006986
0.298887
0.043347
0.156774
0.080826
-0.012421
-0.005738
0.054632
0.042597
0.053673
-0.035096
-0.131957
0.028238
0.072206
0.020775
-0.140532
0.104075
-0.113160
-0.047373
-0.070746
-0.007149
-0.108861
-0.049492
0.081765
-0.041022
0.064434
-0.127792
-0.078581
0.017718
-0.005877
0.100397
-0.043301
-0.006943
0.005391
-0.000607
0.088101
0.009312
-0.056177
0.173844
-0.036521
-0.082539
0.041622
-0.053215
-0.010291
-0.003695
-0.014470
-0.062095
-0.132963
-0.012108
0.033007
0.020357
0.016963
0.203147
-0.118396
0.237783
0.016197
-0.244453
0.025407
-0.051471
-0.202821
-0.084327
-0.054794
0.175861
-0.000821
0.022884
0.015462
0.200405
-0.005705
-0.018877
-0.112990
0.025497
-0.060513
0.102250
0.029899
0.083848
0.093432
-0.032117
0.026603
0.068537
0.096834
0.106605
0.078063
-0.026414
0.126879
0.086601
0.006109
-0.058074
0.143511
0.043017
0.037549
-0.060409
0.036316
0.116281
-0.016725
0.038097
-0.014493
-0.248008
-0.105487
0.063181
0.080417
-0.076216
-0.004681
0.113829
-0.063582
-0.034643
0.105446
0.146152
0.140850
-0.114295
-0.016019
-0.051398
-0.080105
-0.210922
-0.001494
-0.079460
-0.122881
0.033921
0.108187
-0.083431
0.071019
0.122458
-0.019291
0.068131
-0.039008
-0.013320
0.075421
-0.025701
-0.075683
0.014389
-0.102461
0.000565
0.069298
0.187188
-0.068758
0.407317
0.058612
0.075749
-0.033003
0.218020
0.206787
0.019263
0.001757
0.051210
0.075407
0.136671
-0.293618
0.101733
0.061255
0.062817
-0.018858
-0.003945
-0.041004
0.073324
-0.011064
0.043869
-0.020380
0.028560
0.043517
-0.035188
0.045575
0.097056
-0.138515
0.125177
0.053998
-0.056296
0.039803
0.126354
-0.025598
0.022942
-0.021468
-0.049760
-0.133490
-0.041608
0.016979
-0.033579
-0.088052
-0.068271
-0.072045
0.056789
0.083722
0.055508
0.004990
0.016998
0.096818
0.052685
-0.006115
-0.116764
-0.093181
-0.005765
0.011456
0.033569
-0.032477
-0.059097
-0.061317
0.060449
0.139499
0.060013
0.047774
0.054857
-0.050050
-0.121515
-0.048407
-0.068660
-0.037597
-0.022748
0.088539
-0.064956
-0.240035
0.030523
-0.047644
0.021775
0.008362
-0.126009
-0.162986
0.315883
-0.000768
0.114746
-0.103084
-0.145951
-0.193912
-0.121602
0.115272
0.181571
0.125875
-0.088313
-0.014094
-0.107543
-0.142446
0.038025
-0.033806
-0.024351
-0.009333
0.050622
0.144821
0.096380
-0.084988
0.053450
-0.062906
0.090712
-0.059640
-0.140327
0.120136
-0.002254
0.099773
0.064556
-0.105375
-0.145437
0.067667
-0.039065
0.028278
-0.089228
0.044075
0.053987
0.129841
0.072270
0.040781
0.016500
0.101222
0.102218
0.026647
0.157630
0.026594
0.017499
0.010883
-0.038354
-0.068481
0.063298
0.034950
0.050230
0.021136
-0.118771
-0.008408
0.026252
0.116110
-0.076732
-0.114207
0.173570
0.131171
-0.038509
0.180344
-0.037402
0.113048
0.053623
-0.077148
-0.084735
-0.049172
0.065317
0.018559
0.092508
0.041793
-0.105318
0.070723
0.038860
0.018661
0.149437
-0.108295
-0.042810
-0.096031
0.011465
-0.035348
-0.120871
0.039050
-0.086364
0.120735
0.115317
0.124934
-0.033067
-0.011674
-0.046801
0.104246
-0.065454
-0.003559
0.097845
0.044849
-0.005967
0.134809
0.092868
-0.136408
-0.036850
-0.025233
0.044467
0.068910
0.050651
0.028242
-0.093342
-0.015741
0.016205
0.059570
0.064470
0.110969
-0.022253
-0.243752
-0.001929
0.004912
0.013918
-0.028564
0.206514
-0.037540
0.047567
-0.010726
-0.019640
0.075235
-0.130626
-0.000047
0.019049
0.008611
0.041014
0.009610
0.043642
-0.102259
-0.061177
-0.106673
0.036002
-0.094808
0.075567
0.034652
-0.103515
-0.219608
0.023220
-0.208569
-0.054671
-0.095227
0.215297
0.027024
0.011611
-0.026354
-0.055458
-0.047869
-0.078839
0.277279
0.048823
-0.246080
-0.072125
-0.026768
-0.000714
0.001827
-0.020785
-0.003988
0.018322
-0.073448
-0.010653
-0.048198
-0.116443
0.051682
0.050406
0.104263
-0.034348
0.124515
0.036139
0.088857
0.140842
0.045198
-0.001754
-0.043603
0.110347
0.035322
0.065951
-0.012541
-0.092914
-0.019261
0.083682
-0.250962
0.004191
-0.230466
-0.119774
0.043044
-0.089912
0.081081
0.091416
-0.138828
0.058956
0.038298
-0.007901
0.099540
-0.014959
0.143946
0.047828
-0.059726
-0.019201
0.036564
-0.023719
0.064438
0.065644
-0.097523
0.106020
-0.091923
0.060373
-0.127972
-0.050224
0.058285
0.133714
0.100844
-0.061185
-0.009648
-0.107486
-0.043588
-0.067371
-0.082633
0.092967
0.136131
0.252653
0.029298
-0.050917
0.078983
0.112205
-0.094333
-0.019859
-0.021207
0.032928
0.035945
0.016479
-0.102009
0.087587
0.138829
-0.066975
-0.087567
0.108452
-0.090723
0.091712
-0.049997
0.052730
-0.057606
0.104764
0.112462
0.038472
0.142933
-0.158013
0.102158
0.063075
0.045096
0.178200
0.070478
-0.007150
-0.096762
0.111983
-0.051765
0.051300
0.090747
-0.030141
0.122738
0.056511
-0.041732
-0.186211
0.166551
-0.077128
0.154569
0.084347
0.022208
0.001192
0.027818
0.141450
0.130924
-0.063518
-0.056543
-0.082394
-0.183383
0.104598
0.141648
-0.170572
0.201183
-0.024579
-0.046680
0.125691
-0.034800
0.072228
-0.042879
-0.037498
-0.128810
0.136314
0.043170
0.091656
-0.074791
0.086485
-0.017598
0.065156
0.142799
-0.119404
0.060240
0.042027
0.021090
-0.014750
0.088744
0.063204
-0.006902
0.081848
0.052276
-0.030112
-0.118965
-0.092361
0.041774
0.162058
0.002327
-0.015041
-0.028710
-0.070509
0.050238
0.137272
-0.019427
-0.053842
-0.154423
-0.011922
-0.090523
0.110112
0.026569
0.028750
-0.017859
0.042539
0.143565
0.093521
0.133574
0.071435
-0.031357
0.043710
0.087074
0.044553
-0.055063
0.014805
0.119464
-0.234426
-0.015793
-0.004866
-0.026891
-0.136046
0.047942
-0.068274
-0.171246
0.014429
0.078020
0.008411
0.033435
0.407005
-0.054797
-0.003562
-0.075215
-0.112388
-0.005750
-0.094642
-0.063278
0.004006
-0.086134
-0.032995
0.078177
-0.121359
-0.162843
0.047940
-0.126078
0.061388
-0.098691
0.102616
0.156196
0.061211
-0.017904
-0.200977
-0.020770
0.170310
-0.066719
-0.135582
0.152260
-0.024579
-0.094703
-0.026680
-0.087408
-0.065589
-0.083487
0.026897
-0.052666
0.028515
-0.146841
0.060946
-0.117446
-0.065091
0.013073
0.109316
-0.055165
-0.008234
-0.051078
0.382715
-0.046676
0.037371
0.110196
0.091672
0.003259
0.057570
0.084909
0.037893
0.069315
-0.119822
0.020967
0.002466
0.059109
0.086795
0.055257
-0.057274
-0.017330
0.082865
-0.054454
0.039919
-0.010874
0.023784
0.086687
0.121600
0.112326
0.119374
-0.012012
0.017085
-0.004448
0.051933
-0.287983
-0.029145
-0.008248
-0.038967
0.150711
-0.037951
-0.078402
-0.044667
0.155718
0.027333
0.005195
0.010294
-0.012659
0.001346
-0.080957
-0.062050
0.129922
0.026790
0.000441
0.034980
-0.013785
0.205840
0.135968
-0.055670
-0.036512
-0.030958
0.032573
0.165341
-0.161828
0.055490
0.226684
-0.118902
-0.031541
0.136611
-0.049109
-0.090694
0.036018
-0.016668
-0.056692
0.031458
-0.113920
-0.020138
0.044233
0.110368
-0.004400
-0.063551
-0.116191
-0.030598
0.135587
0.038445
-0.049801
0.013784
-0.008150
-0.081751
-0.078619
0.155601
0.061822
-0.084252
-0.019007
0.215325
-0.094650
0.015635
0.060090
-0.039629
-0.036902
0.077052
-0.008601
-0.080732
0.017521
-0.128395
0.016621
0.037287
0.049167
-0.080246
0.009799
-0.104964
0.005936
0.038815
0.061711
0.019766
-0.153376
0.044233
0.011983
0.127291
-0.041136
0.099942
-0.024277
0.152394
-0.050695
0.316669
-0.007652
0.022686
0.013220
-0.050274
0.106421
-0.098184
-0.082413
-0.096663
0.009898
0.009801
0.054297
-0.048306
0.077591
0.169455
0.034445
-0.029424
0.027953
-0.002739
-0.095272
0.019919
-0.010091
-0.052969
0.056390
-0.106733
0.041577
-0.107565
-0.071424
-0.105034
0.017011
0.031828
0.055468
-0.243006
-0.032493
-0.150631
-0.065410
0.054686
0.046223
-0.053261
0.171938
0.088155
-0.039743
0.074305
-0.117295
-0.098851
0.217357
0.014138
0.006103
-0.023200
-0.149259
-0.020925
0.043418
0.013522
-0.054622
-0.101319
-0.012058
-0.041955
0.021861
0.055360
-0.050411
0.030086
-0.111573
-0.050806
-0.048694
-0.012660
-0.022750
0.090971
-0.048480
-0.121046
0.003048
-0.063976
-0.145139
0.016061
0.006119
-0.023450
0.098076
0.061832
-0.054395
0.025531
0.064075
-0.126188
-0.070213
0.099225
0.040390
0.072826
-0.051610
-0.018162
-0.027643
0.003604
-0.032169
-0.019259
-0.014292
-0.069795
0.052071
-0.048482
0.039694
-0.033777
-0.022455
0.070466
0.050731
0.162558
-0.036720
0.035572
-0.128295
-0.036943
-0.074996
-0.012665
0.100519
-0.184599
0.111205
-0.045977
0.084251
-0.095165
0.090393
-0.150678
-0.055001
-0.024355
-0.061615
0.064697
-0.170862
-0.024911
0.035163
-0.170941
-0.004613
0.042336
-0.023254
0.108708
0.084394
0.084598
-0.007706
0.074445
-0.085211
-0.041559
-0.004599
-0.048450
0.106143
0.008438
0.146017
-0.089618
0.016216
-0.001558
0.001482
0.061936
0.201590
0.105905
-0.081306
0.015006
0.009265
-0.120488
-0.007955
0.000382
-0.108934
-0.106924
0.028583
0.117417
-0.077116
0.068488
-0.133772
0.075315
0.129316
0.017159
0.104313
-0.063638
-0.011579
-0.007412
0.117302
0.054570
-0.012322
-0.178066
-0.029244
0.067488
0.031163
0.014516
0.020682
-0.121221
-0.110828
0.075973
-0.009072
0.061867
-0.030597
0.033744
0.020166
0.265126
-0.144836
-0.025955
0.137434
-0.137902
-0.198673
-0.156919
-0.145202
0.104967
0.019910
0.077106
-0.076027
0.000586
0.026708
-0.083865
-0.115167
-0.068988
0.113391
-0.101185
-0.059354
0.368653
-0.028155
-0.040433
0.016437
0.197049
-0.119272
-0.004065
0.001757
0.114728
-0.155154
0.054858
-0.006745
0.016218
-0.129917
0.051301
-0.011251
0.039323
-0.033753
-0.014062
0.001635
-0.007973
-0.036325
0.026176
-0.091020
-0.064040
0.099626
0.093588
0.154277
0.066032
0.053862
-0.058205
-0.012627
-0.178557
0.107574
-0.048434
0.021886
-0.102727
0.001459
-0.033035
0.052894
0.147761
-0.020622
0.052140
-0.049199
0.076400
-0.091875
0.025615
-0.029982
-0.038125
0.011161
-0.048297
0.045676
-0.018297
0.007487
0.016008
-0.065962
0.004014
0.061412
0.068179
0.309221
-0.059360
0.038740
0.028613
0.208086
0.111076
0.041687
0.193311
-0.027776
0.001631
0.069724
0.116844
0.141070
0.077736
-0.295166
-0.009628
-0.012612
-0.140652
0.110627
0.028787
0.003479
0.129934
0.100761
0.077816
0.034201
-0.002467
-0.056049
-0.005302
0.059627
-0.070630
0.003983
-0.060223
-0.026913
-0.105818
-0.053899
0.233114
0.304188
0.119061
0.019198
0.024779
-0.012388
0.048428
0.006981
-0.006942
0.026322
-0.025130
-0.040360
-0.016887
0.082584
-0.149167
-0.111628
0.027644
-0.099269
0.110386
0.162812
0.024066
-0.036622
0.208588
0.033964
-0.093333
0.041703
-0.000825
0.071231
0.015280
0.011627
-0.057861
-0.171324
0.012619
0.065398
0.054679
0.095015
0.076288
-0.066329
0.104452
0.145049
0.001571
0.063581
-0.050447
0.031853
-0.105554
-0.122221
0.041750
0.091482
0.325795
0.035152
-0.050947
0.131979
0.089472
-0.082719
0.145833
0.124009
0.094080
0.085299
-0.238295
-0.095022
0.053256
-0.043647
0.071654
-0.023591
0.026896
0.047101
-0.050319
0.041282
0.171051
0.017121
-0.178741
0.016353
0.050189
-0.054795
-0.095383
-0.031779
-0.025010
0.134605
0.014173
-0.084441
-0.070216
0.002698
-0.145100
0.014816
0.233353
-0.001452
-0.107344
0.039144
-0.067720
-0.003717
-0.088427
0.058829
0.054833
0.173676
0.047579
-0.048245
-0.071557
-0.001928
0.011834
-0.077527
0.025875
0.080129
0.058422
0.203372
-0.059182
-0.021653
0.019925
-0.023491
-0.009563
-0.045744
0.006367
0.004404
-0.131834
0.130266
-0.120028
0.007728
0.020021
0.034167
0.035108
0.108774
0.040738
0.017731
-0.328269
-0.043896
0.085139
0.007039
0.074989
0.064270
-0.025229
0.055082
-0.037598
-0.032584
0.094070
0.032120
-0.094160
0.058238
0.057128
-0.033924
-0.101521
-0.038650
0.018804
0.077322
0.022199
-0.090443
-0.190265
0.076811
-0.170050
0.008902
0.267095
0.067950
-0.001395
-0.083413
0.008514
-0.038150
-0.114501
-0.101472
-0.005951
-0.095053
0.056865
0.068717
0.033614
-0.035989
0.058438
-0.044210
-0.041471
0.082342
0.074492
-0.001829
-0.031135
-0.049990
0.068522
0.015431
0.170782
0.077098
0.139274
-0.080801
-0.073802
0.073388
-0.071794
0.029860
0.003872
-0.157874
-0.031029
-0.166272
0.021785
0.000927
0.108004
-0.229542
-0.046755
-0.000720
0.111945
-0.051254
0.067852
-0.004702
0.092845
0.040544
0.237527
-0.093006
0.060990
0.005811
0.035494
0.004100
0.026596
0.070493
0.024256
-0.082965
0.081436
-0.018906
0.152215
0.035079
-0.014487
0.129127
-0.023762
0.178295
-0.181540
0.043249
-0.004143
-0.024139
0.035282
0.167703
-0.142648
-0.021307
-0.006281
0.070121
0.026813
-0.027553
0.066009
0.003032
-0.085482
-0.006114
0.000785
-0.074072
0.059963
0.060006
0.044011
-0.052021
-0.017752
0.057825
0.081171
0.098679
-0.048112
-0.100305
-0.029519
-0.059176
0.009215
-0.133950
0.009487
0.086690
0.115698
-0.107150
-0.048296
0.238279
-0.062600
0.104282
-0.009086
0.069737
-0.032622
-0.037519
-0.039645
0.126349
-0.028802
0.070250
0.145905
-0.042649
-0.024634
0.001241
-0.042629
-0.021556
0.079330
0.066486
0.036458
-0.032293
0.052407
-0.108940
-0.080249
-0.048474
-0.150079
0.010858
-0.098619
-0.362562
0.092253
-0.011523
0.109737
0.003946
-0.054276
0.027264
-0.054672
-0.002845
0.091370
0.013153
-0.006944
-0.106017
-0.010721
0.145530
-0.177376
0.019237
-0.002303
0.025141
-0.101255
0.015657
0.126881
-0.111904
0.147682
-0.029991
-0.031646
-0.275147
-0.110655
-0.093115
-0.037007
0.061215
0.096220
0.038391
-0.005450
0.013186
0.177631
-0.046984
0.011968
0.056171
-0.055340
-0.074970
0.058384
0.033076
0.063542
-0.044410
-0.124637
0.135910
0.103424
0.111465
-0.013434
0.008406
0.007061
-0.048706
0.106845
-0.026306
-0.164826
-0.178989
0.044394
0.029631
0.137889
0.059356
0.035490
0.044933
0.127984
-0.048166
0.017029
0.025706
-0.029932
-0.167753
0.038619
0.039011
-0.060472
-0.202270
-0.003494
0.112458
0.114421
-0.054990
-0.039738
0.196181
0.005974
-0.071747
-0.141113
0.062057
0.104248
0.011818
-0.136622
0.180790
-0.038749
0.001215
-0.086755
0.029878
-0.126449
-0.067828
0.005311
0.051916
-0.087499
-0.094917
0.047122
0.009697
0.000196
-0.048585
0.098778
-0.023313
-0.060189
-0.010340
0.009156
0.045579
0.131743
0.326625
0.020907
-0.455847
0.329248
0.036840
0.080911
0.030594
-0.169340
0.082710
0.164281
-0.030869
0.063270
0.297047
0.005909
0.018940
0.219147
0.052726
0.386409
0.090483
-0.091592
0.186703
0.114360
0.136874
0.012354
0.165975
-0.056532
-0.005223
0.067496
0.183816
0.081073
0.076709
-0.019961
-0.005473
-0.057934
0.050044
-0.090085
0.050871
0.001296
-0.020315
0.020752
0.005038
-0.187822
-0.062325
0.002302
-0.042925
0.134044
-0.069858
-0.137928
-0.002642
0.115752
0.270692
-0.047098
0.032108
-0.050389
0.013420
-0.141362
-0.096141
0.003165
-0.084574
-0.016405
-0.012754
0.108911
-0.022810
-0.022821
0.026175
-0.098189
0.038391
-0.104436
-0.026257
-0.159059
0.005159
0.111578
0.003433
0.005769
-0.109353
0.112434
0.003580
-0.187202
0.023466
-0.069909
0.067107
0.168243
0.049309
-0.260211
-0.039584
0.046632
0.090560
-0.167896
-0.009841
0.038516
-0.049373
0.106751
-0.058888
-0.083285
0.020292
-0.103202
0.037994
-0.013830
0.054918
-0.040511
-0.159260
-0.088169
-0.004241
0.013202
-0.052397
0.030869
-0.045120
-0.025827
0.061471
-0.100682
0.005755
0.185094
-0.173021
0.161317
0.026481
0.124039
-0.083239
-0.020714
-0.041907
-0.156587
-0.092393
0.095289
0.158621
-0.114166
0.055490
0.060286
-0.024676
0.047940
-0.067570
-0.059970
0.000054
-0.065198
0.124325
-0.012211
-0.003114
0.023174
-0.012765
-0.240874
-0.088028
-0.010939
0.084793
0.031368
0.440113
-0.068515
-0.033009
-0.036062
0.004413
-0.001874
0.119997
-0.021264
0.023678
0.082617
-0.062229
0.029686
0.075395
-0.058298
-0.120434
-0.073241
-0.076029
-0.013182
-0.183943
-0.020605
-0.065541
-0.060255
0.147494
-0.016980
-0.035146
-0.056779
-0.015922
0.279358
-0.114982
0.036195
0.160926
0.168934
-0.253596
0.058722
-0.040789
0.080496
-0.026704
0.004661
0.020931
0.037954
0.013001
0.042916
-0.104694
0.000025
0.084357
0.000390
0.075578
-0.031038
0.077571
-0.189767
-0.065589
-0.056487
0.291180
-0.014378
-0.031984
-0.110374
-0.030370
-0.009698
-0.005851
-0.204307
-0.168973
-0.058931
-0.042984
0.105078
-0.094652
-0.068024
-0.077312
-0.047843
0.050125
-0.262541
0.077176
-0.087026
-0.030668
-0.075241
-0.068865
0.024495
-0.185510
-0.040149
0.023791
-0.041967
0.002483
0.001057
-0.217760
0.041013
0.136767
-0.139528
0.071613
0.067314
0.028264
0.147356
0.000159
-0.092953
0.023010
0.001274
-0.046105
-0.105716
0.115193
0.112152
0.061029
-0.108764
-0.098165
0.006837
0.326053
-0.119349
-0.017448
-0.027885
-0.114704
-0.083237
0.081696
0.100826
0.073589
-0.046647
-0.025541
-0.016906
-0.160543
-0.010292
0.029070
-0.150149
0.105457
-0.021013
-0.022314
-0.071031
0.001481
-0.056628
-0.160930
0.095847
0.016254
-0.081310
0.065157
-0.100206
-0.049025
0.009792
0.223119
0.231544
0.018582
0.011768
0.005364
0.091387
-0.152963
-0.026287
0.121413
-0.057135
0.059997
0.005313
-0.124395
0.007201
0.213869
0.176638
-0.427010
0.324634
0.005893
0.210190
0.026070
-0.255006
0.072753
0.067941
-0.093672
0.120736
0.180983
-0.005646
0.226668
0.238123
0.121216
0.313380
0.246529
-0.164420
-0.024455
0.114814
0.091246
0.017382
0.177013
-0.088121
-0.018518
0.099793
0.135409
-0.144726
0.079244
0.063493
0.016443
0.028264
0.103127
-0.055883
0.022086
-0.023505
0.016826
-0.027323
0.024939
0.230383
0.090889
-0.091681
0.025917
-0.029915
-0.023482
-0.139815
0.071918
0.065135
-0.094335
-0.075650
0.012144
0.028407
0.003319
0.043676
-0.035873
-0.000436
-0.039700
-0.087674
0.160165
-0.019785
-0.039285
-0.005063
0.035413
-0.032226
0.253762
-0.067161
-0.038854
-0.110319
-0.019124
-0.011507
-0.006658
0.137272
0.159548
-0.010599
-0.068266
-0.159323
0.091170
-0.160788
-0.091841
0.003925
-0.144274
-0.065006
-0.025434
-0.058483
-0.070384
0.007714
-0.118584
-0.036491
-0.064169
-0.045673
-0.049318
0.006804
0.004720
-0.131797
-0.011205
0.068500
0.038148
-0.107017
-0.060030
-0.019860
-0.003366
0.110647
-0.001443
0.052335
0.227245
0.011125
0.022874
-0.022832
0.049226
-0.054794
0.024095
-0.017078
-0.167842
-0.416651
-0.059680
0.046755
-0.127292
0.079628
-0.012187
0.017612
0.077428
-0.060491
0.058383
-0.019255
-0.005104
0.017196
-0.237010
-0.006161
-0.028689
-0.019062
0.041979
-0.019050
-0.037146
-0.056867
-0.022663
0.202287
-0.057780
0.201859
0.119276
0.159857
0.078399
-0.009921
-0.110878
-0.035995
0.117331
0.052173
0.119615
-0.014021
0.025916
0.048277
-0.147266
0.036881
0.079737
-0.054932
0.006695
0.116342
-0.083783
-0.059076
-0.033172
0.092768
0.136328
0.072388
0.028349
0.008394
0.058181
0.140017
0.019953
0.125279
0.091195
0.020815
-0.138084
0.115860
-0.004580
-0.082798
0.094778
-0.181524
0.023429
-0.299640
0.121359
-0.045803
-0.034494
0.082506
-0.105864
0.023138
0.060240
-0.056535
-0.026560
0.036427
0.049621
0.020013
-0.099003
-0.133416
0.177760
-0.090369
0.118331
0.038576
-0.008335
0.111213
0.013057
0.151599
0.050361
-0.032219
-0.037869
-0.054955
0.015587
-0.026928
0.011110
-0.106851
-0.212699
0.026455
-0.011650
-0.073426
-0.022527
0.013029
-0.059127
-0.098419
-0.013812
-0.023504
-0.151781
-0.103146
0.069433
0.016712
-0.026371
0.074780
-0.002854
-0.093096
-0.011149
0.069682
0.002334
0.109280
0.080874
0.045304
0.016692
-0.013167
0.162697
-0.007453
0.185535
-0.003879
0.024234
-0.092663
-0.159750
-0.072998
0.073252
0.004150
0.057693
-0.029360
-0.037199
-0.025566
0.127312
0.074942
0.104243
0.113381
0.177759
-0.002112
-0.004876
0.232686
0.016531
-0.119732
-0.067764
-0.023971
0.038369
-0.048007
0.061210
0.009229
-0.038553
0.094755
-0.063920
0.023236
0.026653
0.007351
-0.058705
-0.008239
0.028291
0.120133
0.091249
0.114185
0.058216
0.033131
-0.047515
0.041239
0.114250
-0.047266
0.076702
-0.026883
0.007532
-0.098197
-0.066803
0.035127
0.068486
-0.027181
-0.072317
0.003020
-0.021940
0.040860
-0.059872
0.003743
0.094662
0.029281
-0.039979
0.018918
0.053535
-0.009639
-0.060504
-0.104409
-0.178831
-0.441713
-0.016224
-0.000017
-0.054048
0.096836
-0.059565
0.005353
-0.001045
-0.092746
0.001274
0.084900
0.089789
-0.043089
0.072336
0.160757
-0.148065
-0.047850
0.269937
0.118760
0.019000
0.104746
-0.055154
-0.028852
-0.047102
-0.055027
0.021501
-0.082568
-0.009363
0.017433
-0.014150
0.003921
-0.066259
-0.023736
-0.078133
0.107206
-0.004156
-0.039132
-0.036272
-0.081714
0.025884
0.085372
-0.028745
-0.051516
-0.117923
-0.022183
-0.187935
-0.065435
-0.027350
-0.041740
0.128311
-0.043052
0.003140
-0.071947
0.003964
0.143434
-0.041390
0.088564
0.242486
-0.027682
0.065455
0.137104
0.034869
0.024443
0.154172
0.008086
-0.116461
0.073445
-0.005425
0.183332
-0.074950
0.029644
0.129186
0.015335
0.042181
0.055298
-0.050255
-0.088457
0.229173
0.151598
-0.450479
0.135905
0.052553
0.221368
0.064284
0.032751
0.080610
0.135103
-0.053919
0.094830
0.240953
0.125302
0.007915
0.163250
0.133537
-0.163852
-0.028888
0.250947
0.200206
0.026382
0.082972
0.185204
0.047980
-0.222352
0.033393
0.047345
0.092550
-0.018690
-0.010259
0.099993
-0.112009
-0.060636
-0.117050
0.023377
-0.046747
0.034198
-0.115100
-0.016533
0.047898
0.186012
0.047714
0.020351
-0.136518
0.040774
0.127615
0.126054
0.033118
0.076615
-0.029087
0.055004
-0.132244
0.063529
-0.017867
0.009944
0.281442
-0.002607
-0.105096
0.000726
0.138608
-0.018335
-0.133848
-0.034786
-0.106157
0.116176
0.003274
0.093988
-0.126141
0.096320
-0.015686
-0.002497
0.039791
-0.100021
-0.053123
0.121435
-0.161770
0.040037
0.066214
0.011810
-0.005010
-0.059902
0.058177
0.078721
-0.043475
-0.064834
0.003555
-0.026695
0.049373
-0.164514
0.171950
0.194801
0.021779
-0.003406
0.093799
-0.036367
-0.016405
-0.145510
0.019562
0.054152
0.011223
0.060060
-0.033282
-0.022402
-0.066640
0.073139
0.171723
-0.002790
0.084532
-0.001095
0.044090
0.040974
-0.015729
0.035067
-0.170678
-0.236319
0.002820
0.002673
-0.020971
0.056861
0.038041
-0.084848
0.061938
-0.083356
0.016096
0.050781
0.023544
0.040250
-0.105143
-0.034448
0.047503
-0.097414
0.099687
-0.006871
0.026593
-0.024453
0.014115
-0.082934
-0.098864
0.112054
0.028833
-0.056259
0.467577
-0.026211
-0.040172
-0.122465
-0.001716
0.076213
0.031326
-0.016593
0.003120
0.194563
-0.086192
0.008711
0.027955
-0.100555
-0.063882
-0.185465
-0.030784
0.032150
-0.153002
0.110491
0.021974
0.017355
-0.091071
0.056576
0.002942
-0.034636
-0.030677
0.042418
-0.057638
0.113039
-0.069939
-0.006013
-0.054853
-0.162136
-0.125920
0.027838
-0.043083
0.087090
-0.065722
-0.015945
-0.046017
0.224236
0.020864
-0.087980
0.119586
-0.036584
0.111459
0.058942
0.108071
-0.060120
0.019343
-0.154443
-0.076149
0.033761
0.022990
0.156978
0.044751
-0.073361
0.032816
0.021574
-0.050144
-0.118382
-0.063269
0.082642
-0.041623
0.071702
-0.032800
0.064524
-0.031694
-0.041767
0.067873
-0.031129
-0.050884
0.059301
0.004222
-0.082295
0.072354
-0.081620
-0.067335
0.099630
0.054149
0.026654
0.050700
0.035008
0.007308
0.047741
-0.026698
0.006259
-0.053452
0.115884
0.013675
0.098201
-0.066772
-0.101652
0.025231
-0.048868
0.070164
0.095543
0.100877
0.045220
-0.082577
0.158478
-0.010854
0.025445
0.014623
0.065133
0.090024
0.046158
0.049603
-0.021456
-0.114814
-0.002138
-0.060272
-0.049763
0.080663
-0.076206
0.142865
-0.046694
0.076455
-0.132353
0.038463
-0.071432
0.032925
-0.023935
-0.037048
0.087543
0.130001
-0.031360
-0.025223
0.255873
-0.004306
-0.020813
-0.091971
-0.121567
0.033312
-0.011883
0.011300
0.057922
-0.111176
0.124576
0.082410
0.011765
-0.115966
-0.023729
-0.077149
-0.049722
-0.088952
0.060418
0.289115
0.281270
-0.102254
-0.092779
-0.000794
-0.049313
-0.013045
0.006609
0.071928
-0.014727
-0.097797
-0.012974
0.026936
-0.089871
0.080779
-0.204443
-0.107926
-0.135487
-0.052594
-0.081060
-0.090453
0.083587
0.115905
-0.015834
-0.038425
0.034571
-0.051978
-0.003546
0.063776
0.005137
-0.106754
0.032951
0.074016
-0.121316
0.087091
0.069256
0.009153
-0.069255
0.031867
0.134586
0.064226
-0.042079
0.015882
-0.083773
0.164322
-0.120768
-0.027711
0.063550
-0.290423
-0.045702
-0.056231
-0.020554
0.011536
0.148495
-0.067325
-0.001757
-0.019789
-0.058425
0.003497
-0.013432
-0.024316
-0.109362
0.023008
0.027136
-0.026823
-0.101609
0.074999
0.009426
0.002897
0.069494
0.008549
0.056549
-0.024417
-0.011791
0.009220
0.043571
-0.029831
0.106023
0.051949
-0.053957
0.047480
-0.499517
0.001360
-0.031006
0.003285
0.042899
0.096218
-0.072399
0.056219
0.055849
0.086749
-0.079650
0.053498
0.039024
0.120774
-0.230589
-0.012676
0.003381
0.011756
-0.019102
0.074820
-0.040746
-0.023278
-0.020803
0.019021
0.017217
0.111369
0.030566
0.018655
0.040842
-0.062703
0.011465
-0.040914
0.058216
-0.011000
-0.042600
-0.139852
0.048421
0.043133
0.133116
0.073797
0.145218
0.108704
-0.049370
0.007578
-0.080643
0.063409
0.087392
-0.012406
-0.038726
-0.038274
0.156468
0.020255
0.006166
0.027134
0.143035
0.021597
0.020453
0.067140
0.192212
0.050176
-0.083260
0.050302
-0.062369
-0.097608
0.012474
-0.107963
-0.018692
-0.015514
0.045221
0.147741
-0.131485
-0.037350
-0.052875
0.075440
0.087645
0.019469
-0.161246
0.046817
0.047029
0.012808
-0.118723
-0.014748
-0.012541
-0.019817
0.030491
-0.127693
0.002879
-0.011605
0.012102
-0.068643
-0.160177
0.044620
-0.162457
0.002154
0.364921
0.075542
-0.179701
-0.033811
0.016776
0.024258
-0.154257
-0.190185
-0.014634
-0.160143
0.046919
-0.083793
-0.035124
0.075195
-0.109022
0.033713
0.132355
0.139688
0.205136
-0.110931
-0.045649
0.034909
-0.079653
0.048356
-0.004958
-0.047108
-0.050537
0.148890
0.022051
-0.018737
0.082817
0.058442
-0.054494
-0.037389
0.025680
0.066239
0.087419
0.004363
0.009696
-0.028283
0.074952
-0.020224
0.045742
0.010773
0.157116
-0.064084
-0.057674
0.046460
0.008026
0.056007
0.071039
-0.014990
-0.080490
-0.011665
0.030067
-0.047529
-0.108150
0.010898
0.054785
0.057447
0.014479
-0.005615
-0.124791
-0.096169
0.170676
-0.019568
-0.010180
0.017055
0.044915
-0.031293
0.025701
0.101539
0.134653
0.022754
-0.029567
-0.133285
-0.051859
-0.050068
-0.118042
-0.076856
-0.002363
0.151015
0.081675
0.038617
-0.001273
-0.009198
-0.059301
-0.005810
0.156138
0.019962
-0.035586
-0.146069
-0.095257
0.019799
-0.183618
0.098672
0.057071
-0.181067
-0.094594
0.041267
-0.097465
-0.003359
-0.068681
-0.185228
-0.073491
-0.042170
0.117375
0.016904
-0.009126
-0.122458
-0.183507
0.007656
-0.183521
-0.063640
-0.058132
0.021548
0.126512
-0.050936
0.095105
-0.001906
-0.006288
0.017179
0.035498
-0.004736
-0.038175
0.077624
-0.038430
0.042510
0.130742
0.025991
-0.018470
0.124445
-0.007516
0.088111
-0.029325
0.047681
0.017630
-0.002723
0.206417
-0.047460
-0.160738
0.028482
-0.024153
0.052321
-0.016558
0.008892
0.102449
-0.000110
0.049279
0.075958
0.012317
0.024203
0.015120
0.021598
-0.070306
0.101303
-0.067117
0.105360
0.090082
0.103913
0.013616
0.071981
0.051956
-0.021699
0.079434
0.021996
-0.159387
0.103536
0.038940
0.114721
-0.017824
0.134956
-0.042942
-0.087847
-0.103290
0.042983
-0.009348
-0.067239
0.135701
-0.159052
-0.036883
0.030987
-0.047283
0.043013
-0.076143
0.028544
0.140418
0.139204
-0.065988
-0.008565
-0.053088
0.076227
0.081683
-0.050481
0.025351
0.088428
0.135202
0.103079
-0.066084
0.088049
-0.050092
0.139379
0.096474
0.068417
0.142816
0.013026
-0.023548
0.015663
0.148307
-0.073004
0.043040
-0.037278
0.078406
0.029992
-0.035008
0.076723
0.063649
0.107154
0.122531
-0.026303
0.155280
-0.119483
-0.005853
-0.031948
-0.059670
0.083820
0.134357
-0.002484
0.010436
-0.002270
0.135345
0.073416
-0.075052
0.034186
0.039074
-0.084090
0.192812
-0.054539
0.070061
0.066534
0.029375
0.113640
-0.108496
0.155874
0.036451
0.024835
0.036923
0.101668
0.001368
-0.040032
0.030252
0.029927
-0.087413
0.061015
0.252610
-0.007165
-0.083335
0.002420
0.106989
0.163625
-0.005361
0.083858
-0.137176
-0.031364
0.089310
0.002737
0.056815
-0.084801
0.027514
0.035642
-0.014038
-0.015857
0.017688
-0.043725
-0.177016
0.039809
0.086451
-0.004805
-0.039111
0.027763
0.046351
0.024235
0.097872
0.137909
0.052655
0.071820
-0.004712
-0.015538
-0.059646
0.182873
0.111787
-0.364806
0.005976
0.013421
0.048911
-0.028371
-0.022678
0.153405
0.037594
-0.001332
0.090168
-0.016948
-0.054060
0.042946
0.122607
-0.112685
-0.019610
-0.091458
0.103943
0.012438
-0.084666
-0.026798
0.180157
0.022167
0.072253
0.074323
-0.095529
0.094825
-0.036284
-0.002779
0.047455
-0.027142
0.101358
-0.155657
0.004851
0.014763
0.040817
0.087862
-0.081229
0.023842
0.066262
-0.062387
-0.042370
0.033307
-0.059399
-0.063770
0.047818
-0.041944
-0.127610
-0.092035
-0.020120
0.029375
0.055374
0.024722
0.218821
-0.014500
0.070466
0.299403
-0.045090
0.007956
0.060687
-0.197908
0.038161
-0.065289
0.148917
0.053656
0.018965
-0.009033
0.087457
-0.038799
0.003397
0.284387
0.026528
0.032405
-0.012766
-0.064332
0.017660
0.088899
0.178585
-0.028735
-0.091397
-0.049291
-0.112164
0.019313
0.187846
-0.043790
0.033684
-0.006372
0.088494
0.122635
0.015492
0.039424
0.243104
-0.084706
0.157826
0.052980
-0.018173
0.013052
-0.055546
-0.003781
-0.083221
0.200359
-0.003807
0.088328
0.006805
-0.084499
-0.033011
-0.036527
-0.041661
0.060530
-0.076389
0.104737
0.282078
-0.059655
-0.074129
0.022280
-0.001447
-0.020098
-0.027106
0.012046
0.049728
-0.076877
-0.011013
0.034660
-0.181311
-0.020550
-0.045105
-0.095593
-0.177957
-0.115764
0.086275
-0.036355
-0.009636
0.008175
0.025788
-0.014666
-0.029616
0.024418
-0.048832
-0.027077
0.113419
0.184808
0.135647
-0.031332
0.134802
0.088065
0.060234
-0.015425
-0.026245
0.070008
0.019876
0.006442
0.019904
0.004991
-0.041034
0.154034
-0.051362
0.063785
0.064956
0.045828
-0.062624
0.062329
-0.080515
0.043267
0.000916
0.074478
-0.068674
0.034797
0.155777
0.167776
0.112602
0.013649
-0.156747
0.056656
0.033429
0.012010
-0.088634
-0.002111
-0.064040
-0.002747
0.094440
-0.018805
-0.036301
-0.069221
0.034980
-0.064779
-0.184408
-0.002197
-0.105964
-0.038253
0.363481
0.139136
-0.188951
-0.056798
0.069596
-0.235972
-0.177851
-0.090669
0.059528
-0.097635
0.056688
-0.068958
0.054688
0.038580
-0.067105
0.026299
0.080092
-0.019964
-0.085497
0.063020
0.012522
-0.014155
0.096500
0.014541
-0.014644
0.035966
0.013512
-0.020506
0.052936
0.034021
-0.053717
-0.049944
-0.100762
0.049247
-0.302012
0.074410
-0.043833
0.026413
0.023620
0.010894
-0.016364
0.142085
0.041913
-0.002514
0.059638
-0.109063
-0.043841
-0.015062
0.021862
-0.023344
0.181320
-0.096659
-0.029159
-0.020294
0.051251
0.034267
-0.043570
0.013875
0.028300
0.065266
0.015612
-0.093290
0.181151
-0.000005
-0.142663
-0.030117
0.065240
-0.070579
0.132432
-0.016976
-0.007057
0.072990
0.053038
0.026290
0.154238
-0.106187
0.032409
-0.022133
0.013187
0.016403
-0.191954
0.231539
-0.066117
0.008992
-0.089771
0.029042
0.088428
-0.012676
-0.104128
0.018010
-0.037635
-0.139401
0.077350
-0.037325
-0.078658
-0.013905
0.020816
0.148215
0.036469
0.038720
-0.032922
-0.047257
-0.112925
-0.185922
0.045407
-0.061031
-0.074583
-0.172927
-0.024412
0.007728
0.048125
0.042448
0.047424
-0.080416
0.057088
-0.037065
0.063116
0.018366
0.052151
0.054624
-0.200245
0.086027
-0.036570
0.140064
0.146640
-0.212306
0.044100
-0.047899
0.020130
0.163424
0.087903
0.227776
0.027097
-0.001007
-0.041550
0.078975
-0.056287
0.039733
0.065665
0.010115
-0.014129
-0.029925
-0.100274
0.031748
-0.081622
0.124062
-0.097928
-0.063667
-0.093325
0.055225
0.170998
-0.004678
0.046286
0.008586
-0.001199
-0.028850
-0.015360
0.003209
0.029533
0.037239
-0.108183
-0.056200
-0.505963
-0.030941
0.005068
0.014465
-0.002256
0.016456
-0.018736
0.095010
0.026720
0.034358
-0.093223
-0.065711
-0.073643
-0.019422
-0.082086
0.101164
0.266823
0.035896
-0.120108
-0.044441
-0.027201
-0.042637
-0.151305
-0.034650
0.033263
-0.151958
-0.175695
-0.065022
-0.126988
0.013547
0.061823
0.092767
-0.042653
-0.108662
0.030773
0.026158
-0.097544
-0.133242
0.117680
-0.028785
0.021917
0.059595
0.043886
0.103945
0.062921
0.019285
0.052895
-0.079693
-0.037429
0.067628
0.165135
0.057454
-0.040285
0.023914
-0.044017
0.020213
0.080942
0.267407
-0.024521
0.036356
0.071023
-0.020000
0.005991
0.047898
0.057193
0.131268
-0.051317
0.024894
0.049927
0.093949
-0.032354
0.057039
0.052279
0.051072
0.055103
0.027103
0.056818
-0.017650
-0.056627
0.126100
-0.059366
0.120289
-0.064270
-0.019698
0.121663
0.004708
-0.058732
0.035413
-0.025058
0.037999
0.110930
-0.229104
-0.112742
-0.129393
-0.193305
0.060440
-0.103615
0.210127
-0.006367
0.032688
0.096886
-0.028724
0.040239
-0.125274
-0.001733
-0.115635
-0.028239
0.077264
0.111008
-0.038956
0.071737
0.020919
0.036080
0.001088
-0.002221
-0.034398
0.014544
0.007582
0.065012
0.238527
0.062182
0.109628
0.068201
-0.014077
-0.167622
-0.007021
-0.102095
-0.033632
-0.266762
0.029138
0.012423
0.032322
0.096044
-0.109957
-0.105022
0.093188
-0.050870
0.144534
-0.051269
-0.034590
0.019596
0.174835
0.104410
-0.227207
0.206564
-0.001006
0.121274
-0.016866
0.036475
0.062399
0.097494
0.045793
0.052721
0.061183
-0.007547
0.070836
0.142424
0.005416
0.009623
-0.010453
0.066848
-0.075098
0.080140
0.051419
0.084677
0.042746
-0.076663
0.091565
0.095778
0.031735
-0.037548
0.083546
0.047895
0.001245
-0.091215
-0.033923
0.013191
-0.071123
0.075316
0.048856
0.089327
0.065282
0.068778
-0.075383
0.007048
0.114054
0.012908
0.066534
-0.042997
-0.052029
0.054801
-0.063510
0.089641
0.010061
0.051876
0.071415
0.063192
0.219026
-0.000645
0.157593
0.018932
0.047040
0.135267
-0.002624
-0.120510
0.059321
-0.223923
0.120870
0.001070
0.025479
-0.075305
0.004673
0.057364
0.004951
0.058849
-0.040191
0.073491
-0.033504
-0.182022
0.023725
-0.085959
-0.001400
0.223364
0.048226
-0.268762
-0.053648
0.074187
0.064915
-0.126473
-0.083407
0.060245
-0.075982
0.139301
-0.089595
-0.002350
0.050436
0.041800
0.054582
0.016688
0.146764
-0.005518
0.079748
0.005323
-0.020368
0.042246
-0.007490
0.072341
0.038627
-0.010681
-0.073814
0.075124
-0.286416
-0.010696
-0.097744
-0.262972
0.114413
-0.032125
-0.217420
0.020289
-0.020932
-0.018036
0.004614
-0.021912
-0.005851
-0.106484
-0.009250
-0.125582
-0.006227
-0.010202
0.030130
-0.109265
0.178623
0.231692
-0.085118
-0.122410
-0.000135
-0.021583
-0.006110
-0.051844
0.080711
-0.099705
-0.024157
-0.042033
0.024043
-0.008393
-0.011639
-0.101605
-0.051416
-0.071277
-0.045046
0.065432
-0.035524
0.062204
-0.061322
0.004705
-0.060086
0.004906
0.080869
0.018201
0.018473
-0.186706
0.046184
0.048468
0.052268
-0.081720
-0.055437
-0.085808
0.016493
0.161689
0.029550
0.022122
-0.046101
-0.036344
-0.046897
0.105521
-0.043203
0.031601
0.013568
-0.090354
0.090440
-0.539140
0.035445
-0.024234
-0.093235
0.052065
-0.036434
0.041305
0.015121
-0.014550
0.003281
-0.005401
0.023005
-0.161835
-0.041334
0.091526
0.061820
0.014462
-0.012700
0.023742
-0.018326
0.065045
-0.032634
0.034434
0.154973
0.006914
-0.002652
0.061750
0.044378
-0.001830
-0.000834
-0.134273
-0.068002
-0.405780
-0.025104
-0.009735
-0.117984
0.048962
0.074449
0.015798
0.074137
-0.041892
0.034544
0.050131
-0.006231
-0.219723
-0.006487
0.057844
0.076051
-0.060679
-0.051445
-0.034871
-0.079680
0.193041
-0.051281
0.059806
0.076843
-0.024023
-0.088876
0.050704
0.032133
-0.033267
0.003929
-0.116972
0.018490
-0.519967
0.009855
-0.012701
0.004869
0.055859
-0.071486
-0.041352
0.073481
-0.101356
-0.033106
-0.004032
0.076874
-0.089758
0.111571
0.082962
-0.028352
-0.045638
-0.024501
0.058153
-0.013100
-0.135603
0.034850
0.019790
0.025899
0.004753
-0.005887
-0.002744
0.000551
-0.111599
-0.057608
-0.037863
0.001272
0.034652
-0.075436
0.062957
0.061318
-0.015516
0.292294
-0.043044
-0.064536
-0.093032
0.133324
0.050352
0.052727
-0.048440
0.051575
0.072659
-0.125226
0.062524
-0.029820
0.075438
-0.167750
-0.061010
0.123849
0.025194
0.036818
0.025308
-0.022375
0.123139
-0.017747
0.020653
0.047403
0.104464
0.060326
0.120582
0.040464
-0.018013
0.002160
0.083031
0.039154
-0.092519
-0.004334
-0.024392
0.041117
-0.103204
-0.082423
0.004052
-0.186049
0.041646
0.125890
-0.168301
0.037010
-0.068389
-0.050175
-0.044781
-0.056201
-0.022689
-0.113988
0.006408
-0.068347
-0.066086
0.029584
-0.187725
0.181894
0.073246
0.017297
0.233529
-0.007365
-0.067463
0.033411
-0.020856
-0.189334
0.067659
0.061711
-0.020820
-0.041827
0.082420
-0.138318
-0.028839
-0.056201
-0.042754
-0.019513
-0.037879
-0.017366
-0.027614
-0.013961
0.090115
-0.038766
-0.150024
-0.082264
0.127958
-0.031735
-0.028445
-0.101217
-0.154959
-0.006150
0.069921
0.149616
-0.041344
0.035330
-0.044224
0.034951
-0.075306
-0.103241
0.077689
-0.137246
0.152882
-0.009072
0.013823
-0.034625
0.015693
0.092684
-0.095032
0.116782
-0.012062
-0.144863
-0.065566
0.015710
0.033649
0.022375
-0.017423
-0.037878
-0.008512
0.061792
-0.023470
-0.050374
0.238296
0.042736
-0.095980
-0.063427
0.142598
-0.070849
0.008496
0.015871
-0.042391
-0.093600
0.084374
0.097387
-0.053823
-0.040708
-0.120137
-0.060521
-0.051422
-0.129568
0.115109
0.061173
0.095095
-0.128573
-0.052040
0.006322
0.053782
0.044347
-0.009911
0.089210
-0.117656
-0.116437
-0.011304
-0.001813
0.115381
-0.032355
-0.015775
0.013771
0.033494
0.081042
0.019701
-0.006521
-0.071024
0.157904
0.094986
0.002733
0.031752
-0.056577
-0.014522
-0.002731
-0.000997
0.067009
0.022111
-0.020426
0.096992
0.059821
0.048748
-0.010440
0.109338
0.013108
0.008302
-0.069339
-0.031621
0.041795
-0.028538
-0.085297
0.271888
0.033985
-0.182176
-0.025816
0.028170
0.258625
0.045033
0.055637
-0.110469
0.066329
0.032227
-0.050976
0.041756
0.020319
-0.008311
-0.075628
0.082687
-0.031851
0.030597
0.052023
0.011156
-0.157134
-0.189692
0.011580
0.099280
-0.036131
-0.065815
0.053142
-0.040287
-0.127102
0.024632
-0.043593
0.093479
-0.096360
-0.005292
-0.022927
0.081477
-0.079032
0.010886
0.003915
-0.055444
-0.035690
0.158218
0.176469
0.008995
0.001236
-0.108408
-0.076518
-0.122191
0.030252
-0.030286
-0.023780
0.103743
-0.113958
-0.051944
0.014745
0.173816
-0.016278
0.041082
0.046465
0.055206
0.069411
0.121404
-0.070705
0.062597
-0.133197
-0.072386
-0.068109
0.163092
-0.036627
0.007115
-0.045785
0.063147
0.092951
-0.007135
0.258209
-0.100789
0.122628
0.050776
0.024907
0.150437
0.236982
0.018730
-0.031903
-0.058669
-0.060464
-0.062432
0.060157
0.013178
0.042509
0.008242
0.074127
0.031050
0.188444
0.005303
-0.016114
0.024226
0.092154
0.083334
0.073664
-0.001620
0.059955
0.007521
0.026582
0.033814
0.081755
0.022629
-0.024288
-0.088219
0.054721
0.172059
0.122458
0.025438
0.001686
-0.060298
-0.054299
-0.123199
0.062772
-0.123942
0.033245
0.071123
-0.063160
0.170257
-0.015408
-0.118592
-0.011649
0.067272
0.135243
-0.164671
0.119067
0.143720
0.028683
0.144864
-0.023038
-0.012620
0.003535
0.059420
-0.018529
-0.004392
-0.008796
-0.150160
0.006881
-0.009062
-0.101211
-0.087749
0.039975
0.276327
0.035699
0.041254
0.007085
-0.076352
0.017063
0.071973
0.044696
-0.128422
-0.015381
0.084834
-0.019059
-0.057504
-0.041623
0.008652
-0.001489
0.134472
0.099586
-0.014467
-0.073622
0.010390
-0.007307
-0.019485
-0.092140
0.046309
0.071996
0.045132
0.043734
-0.034710
0.013621
0.022921
-0.063995
0.023090
-0.062917
-0.028178
0.076974
-0.095097
0.163701
-0.171206
0.008865
-0.070035
0.099672
0.049675
0.003874
0.004770
-0.034596
0.131667
-0.008185
-0.063454
0.011195
0.176094
0.012338
-0.016307
0.189468
0.042124
-0.141005
0.040974
-0.037032
-0.030070
-0.007745
0.026462
-0.071829
0.060173
0.001877
-0.051294
0.205675
0.132949
-0.141536
-0.026651
-0.018363
-0.086378
-0.018197
-0.055182
0.084275
0.001871
-0.030647
-0.042740
0.126842
-0.065966
0.057817
0.163106
0.140414
-0.154727
0.033758
-0.003859
-0.001374
-0.117919
-0.157124
-0.075561
-0.112754
-0.013211
-0.074359
0.063534
-0.019939
-0.050750
0.067438
0.010794
0.003354
-0.010368
-0.015300
0.008186
-0.029980
-0.005725
0.001257
0.050393
-0.047754
0.105882
-0.030014
-0.133166
0.380231
-0.032211
-0.094944
-0.072946
-0.034921
0.109311
0.034735
-0.019615
-0.000498
0.129425
0.099938
-0.014106
0.077903
-0.014728
-0.102369
-0.124395
0.088650
-0.010004
-0.028865
-0.018219
-0.074860
0.061207
-0.092471
0.002268
0.044057
-0.016563
0.024605
0.091668
0.128950
-0.065034
0.003202
-0.095051
0.091028
0.064995
0.096102
0.088015
0.112216
0.124637
-0.028184
0.012636
-0.065115
-0.145189
-0.042739
-0.036919
0.052010
0.047494
0.302064
-0.062867
-0.116915
0.079622
-0.051873
-0.065789
0.023726
0.156213
-0.126624
-0.059739
-0.108488
-0.025008
0.029050
-0.013021
0.003771
0.117813
-0.137145
0.064489
-0.019608
0.081204
-0.056073
0.004308
-0.018218
0.083845
-0.016163
-0.051269
-0.037242
-0.020866
0.047270
0.190081
0.024153
0.017032
0.037590
-0.061351
-0.029752
-0.021251
0.101520
-0.145760
-0.028118
0.057744
-0.089909
-0.036092
0.001635
0.049280
0.035170
-0.141986
-0.118088
0.011118
-0.055673
0.048677
0.023359
-0.073055
-0.096378
-0.035267
0.108400
0.104233
0.015992
0.038601
0.026378
0.014467
0.216927
-0.018019
0.051509
-0.038386
0.075687
-0.079112
-0.067146
-0.015836
0.052132
0.091231
0.073943
-0.082863
-0.027816
0.057239
0.044522
-0.003914
0.129024
0.078968
-0.113488
0.172693
0.231063
-0.012441
-0.039258
0.161375
-0.001698
-0.004344
0.001626
0.102101
0.098044
0.017437
0.060426
-0.009756
0.019416
-0.092665
0.025687
0.092195
0.018497
0.086118
0.004442
0.050900
0.052903
0.007163
-0.239175
0.089620
0.046536
0.017670
-0.056709
0.025486
-0.007880
0.018363
-0.040277
0.061573
0.064753
0.046938
-0.058624
0.201443
0.006577
0.055575
0.066434
0.028437
0.066900
-0.007870
0.024270
0.017321
0.056726
-0.171007
-0.036860
0.009717
0.070144
0.043231
-0.087743
-0.128709
-0.043983
-0.096692
0.071113
0.001255
0.282104
0.004398
-0.008659
0.105638
-0.016572
-0.195528
-0.147325
0.026142
-0.137421
-0.042065
-0.064913
-0.175102
-0.008281
-0.015886
0.186560
-0.188069
-0.057383
0.007133
-0.042559
-0.146256
-0.210426
0.048900
-0.125677
-0.159989
-0.045320
-0.000751
0.003081
-0.156938
-0.028719
0.027204
0.102584
-0.053522
-0.039449
0.039922
0.084323
0.190822
-0.096385
0.023253
-0.066353
-0.010014
-0.092567
0.032254
-0.025808
-0.054083
0.023335
-0.127619
0.112738
-0.478753
0.052478
0.006786
0.003606
0.032886
0.000241
-0.080511
-0.014420
-0.091132
-0.056304
0.011558
-0.053329
-0.006920
-0.003757
0.085021
0.048266
-0.007933
-0.012970
0.016434
-0.002602
-0.066709
-0.020599
0.023537
0.058720
0.051725
-0.051917
0.019275
0.219047
-0.168693
0.069350
0.065759
-0.119927
0.049906
-0.288393
-0.015415
0.041031
0.036064
0.056422
-0.022309
-0.003115
0.094487
0.118646
0.017535
0.026010
0.010828
-0.195609
-0.035785
0.011450
-0.119636
-0.053825
-0.071757
-0.018162
0.008069
-0.002464
-0.114972
-0.089463
0.144274
0.104946
0.258042
-0.047112
-0.069103
-0.127037
-0.097074
0.108899
0.134486
-0.043035
-0.019044
0.017714
0.012872
-0.088566
0.031131
0.105106
-0.072633
-0.122672
0.064453
-0.018057
0.019126
0.089718
-0.147765
0.138761
-0.079739
0.028101
-0.072191
0.056167
0.170994
0.000385
0.045524
0.026697
-0.001732
-0.027036
0.078535
0.027263
0.019108
-0.008804
-0.104142
0.043205
-0.381290
-0.060343
-0.024082
-0.020762
0.072168
-0.043993
-0.025134
0.090655
-0.067004
-0.105890
0.017017
-0.076024
-0.031735
0.023037
-0.041574
0.104745
-0.081892
0.017639
0.048946
-0.036150
0.068575
0.031292
-0.053601
-0.210382
-0.032677
-0.067477
0.037431
-0.021816
0.052140
-0.043614
0.033121
0.167124
-0.360785
0.018171
0.014901
0.041551
-0.046546
-0.056912
0.045050
-0.087016
-0.029678
-0.038019
0.113756
-0.012306
-0.039005
-0.113871
0.061124
0.094684
0.040353
-0.039705
0.015405
0.031921
0.074192
-0.020042
0.056914
0.110231
0.090635
-0.041172
0.145154
0.181415
-0.089626
-0.044554
-0.334716
-0.111330
-0.064936
-0.026696
0.015400
-0.003225
0.149093
-0.042507
-0.064407
0.002548
-0.001269
-0.172213
-0.100984
0.027308
-0.083631
-0.083967
0.029986
0.129762
-0.005070
-0.064297
-0.120572
-0.015920
-0.099315
-0.023224
-0.059680
0.098196
-0.020883
-0.123892
-0.136863
-0.092636
-0.142904
-0.077129
-0.033062
-0.011308
-0.028180
-0.034600
-0.107553
-0.005304
-0.011334
-0.113943
0.166769
0.085573
-0.050621
0.012747
0.028947
-0.012902
-0.114930
0.089351
-0.022406
0.014258
-0.077185
-0.012246
-0.051278
-0.038584
0.191505
0.015411
0.013455
-0.080367
-0.025604
-0.007500
0.075439
-0.046820
0.107252
0.003306
-0.087068
0.050539
-0.476606
-0.025717
0.031099
0.042165
0.061360
0.028659
0.041312
0.052309
0.086454
0.018249
-0.022238
-0.031674
-0.004943
-0.096638
-0.016598
-0.016013
-0.063762
0.107878
-0.074194
0.009174
-0.012377
-0.001994
-0.005248
-0.015857
-0.053103
0.073041
0.020254
0.044036
-0.073473
-0.035396
0.115469
-0.147424
-0.031667
0.450527
-0.051084
-0.020676
0.022543
-0.040312
0.019506
0.064453
-0.055046
-0.020436
0.110385
-0.027711
-0.176388
0.053155
0.057983
0.086977
-0.017877
-0.034564
-0.013578
-0.121962
0.028639
0.004949
-0.039884
0.005821
0.021099
-0.056914
-0.177559
-0.062168
-0.077526
0.006773
0.265403
0.124026
-0.194752
-0.021205
0.030014
-0.026668
-0.182026
-0.081658
0.010249
-0.117370
-0.019267
-0.070450
-0.045801
0.168386
-0.041043
0.264287
-0.034538
-0.119110
-0.061295
-0.056131
0.058819
0.059605
0.016875
-0.058940
-0.078152
-0.028924
0.116251
0.142359
0.009403
0.065849
0.065478
-0.081987
0.031175
-0.028484
0.132756
-0.089534
0.133367
-0.055854
0.002690
0.136595
0.034962
0.002729
-0.007039
-0.064790
-0.067402
-0.129667
-0.028515
-0.078840
-0.151997
0.138329
0.121615
-0.153808
-0.049610
-0.097435
-0.114039
-0.046288
-0.003316
0.024572
-0.015082
-0.155809
-0.016910
-0.060892
-0.020566
-0.083076
0.027759
-0.094383
-0.050245
-0.036859
0.012911
0.028208
0.011559
0.035201
0.134655
0.006714
-0.044450
0.118702
0.035922
-0.052780
-0.050999
0.068472
0.161015
-0.115679
0.000987
0.071230
0.139460
0.021188
0.076011
-0.002685
0.090208
-0.106435
0.049624
0.034729
0.034745
-0.074005
0.007624
0.097744
-0.039700
-0.042155
-0.006014
0.321847
-0.032467
-0.001599
0.001998
-0.025578
-0.092396
0.044959
0.075306
-0.021840
-0.018763
-0.009452
0.030340
-0.035064
0.041174
0.063308
-0.124436
0.131864
0.058672
-0.010967
-0.034957
0.025617
0.223869
-0.125177
0.008017
0.063357
0.068032
-0.438715
-0.071017
0.028138
-0.013150
0.129703
0.090358
0.007655
0.047754
0.011072
-0.074401
0.024292
0.010763
0.097907
0.010064
0.123615
0.126371
0.076668
0.020398
0.086299
0.001468
-0.001867
-0.101900
0.137241
0.023411
-0.019765
0.018467
0.037756
-0.249089
-0.026486
0.021904
0.052702
-0.029466
0.211601
-0.056918
-0.010131
-0.001425
0.271244
0.012159
0.048257
-0.009020
0.006214
-0.018283
0.005238
0.020823
0.055665
-0.015517
-0.148655
-0.055832
-0.076050
-0.099673
-0.039158
-0.208739
0.081897
0.007524
-0.163561
0.055291
0.062217
0.004297
0.098492
-0.053589
-0.009364
-0.130984
0.065942
-0.002082
-0.036244
-0.009634
0.164636
0.004565
0.017103
0.083857
-0.082177
0.097090
0.043501
-0.020534
-0.047581
-0.183239
0.007730
0.116126
-0.141192
-0.025671
0.060959
0.110580
-0.039722
0.059823
0.108289
-0.129830
-0.066531
0.035734
-0.033919
-0.047054
-0.018304
0.175893
0.182773
-0.017565
0.092900
-0.218914
0.054614
-0.250317
0.061759
0.152079
0.037506
0.044705
-0.027506
-0.051426
0.016175
-0.139062
-0.084798
0.050401
-0.009627
-0.054493
0.113877
-0.039095
-0.019269
-0.123668
0.097875
-0.159879
0.196489
-0.029716
-0.088179
-0.063929
0.049064
0.236999
0.029356
0.022661
0.015991
-0.046281
-0.000254
-0.031981
-0.039003
-0.071634
0.052094
-0.132712
-0.077790
-0.433816
-0.058051
0.038951
0.038402
-0.018889
0.069628
-0.005050
0.074991
0.030309
0.039020
-0.024928
-0.085472
0.022943
-0.111114
-0.029682
0.013879
0.026491
-0.025313
-0.043185
0.036566
0.047979
-0.002843
-0.118358
0.027843
0.109103
0.137559
-0.043237
-0.080274
0.179085
0.094015
0.055981
0.008027
0.088045
-0.124888
0.076160
-0.000176
0.186303
-0.053850
0.012277
0.002705
0.020999
0.092697
-0.000616
-0.074144
-0.043084
-0.116902
-0.037210
0.154174
0.155122
-0.120054
0.009349
0.035738
0.020050
-0.018251
-0.141437
-0.023702
-0.006154
-0.080598
0.020633
-0.182567
-0.164475
-0.052069
-0.193409
-0.020683
-0.073821
-0.004793
-0.004837
-0.032840
0.085473
-0.085762
0.039081
-0.088238
-0.068394
-0.068238
0.054725
-0.158666
0.173662
0.098446
-0.011319
0.047511
-0.167674
-0.238646
0.149397
0.109627
-0.020548
-0.019640
-0.083556
-0.052443
0.079198
0.008273
-0.103740
-0.039792
0.112914
0.289065
-0.071753
-0.089786
-0.065537
0.031198
-0.012139
0.035451
-0.071730
-0.036704
-0.138098
0.021558
-0.030536
-0.089565
0.067170
0.158872
0.014995
0.437053
0.148526
-0.430850
0.098764
-0.079115
0.154178
0.102700
0.055094
0.136864
0.203474
-0.005062
0.048628
0.271012
0.185555
0.029371
0.274132
0.149141
0.059167
0.054924
0.300943
0.113127
0.065501
0.066220
0.145377
0.219565
-0.176570
0.085788
-0.066644
0.084623
-0.053053
-0.058543
-0.074797
-0.031009
-0.045774
0.003285
-0.042560
-0.070826
0.011695
-0.425439
0.043700
-0.108042
0.059370
0.210377
0.004446
-0.052384
-0.046096
0.047741
-0.066025
-0.028478
0.016998
-0.119338
-0.196500
-0.017073
-0.000115
0.084175
0.022323
-0.115609
-0.036268
0.042490
-0.107187
-0.006564
0.094978
-0.051987
-0.025516
-0.076541
0.086189
0.169143
-0.018134
0.050706
-0.052062
-0.011116
0.065918
0.035848
-0.059124
-0.002105
0.083330
-0.043898
0.236944
-0.055968
-0.149655
-0.107366
-0.011745
-0.106211
0.140582
-0.012325
-0.028815
0.029761
0.182993
-0.190030
-0.008525
-0.028406
0.005112
-0.071377
-0.024329
-0.118034
-0.115710
-0.009246
0.053737
0.169458
-0.059118
-0.066372
0.062803
-0.045017
-0.031153
-0.025658
0.058874
0.161460
0.034987
-0.083889
-0.224745
0.068293
-0.134609
0.014352
0.164222
-0.156769
-0.193131
-0.018305
0.008734
0.014029
-0.019872
-0.166436
0.047684
-0.049447
0.054600
-0.020550
0.066595
-0.014198
0.007313
-0.135427
-0.039098
-0.026508
-0.115587
0.044662
-0.070520
-0.020588
-0.062407
-0.019120
0.048995
0.045307
0.002102
0.143202
-0.082909
-0.003623
-0.036329
0.005114
-0.003667
-0.168808
0.019101
0.348404
-0.048802
0.000540
0.056874
-0.020604
0.032473
0.070411
-0.086719
-0.038927
-0.018879
-0.038754
-0.061637
-0.027516
0.009607
0.113153
0.061599
-0.066480
-0.078973
-0.003447
0.019316
-0.051873
-0.056350
0.065880
0.128143
-0.083182
-0.072958
-0.029831
0.085471
-0.124121
-0.034636
-0.021486
0.125994
-0.053962
0.050352
-0.053625
-0.046730
0.024259
0.185478
0.154309
-0.021640
-0.032625
-0.057150
-0.038168
-0.017379
0.006253
0.058979
-0.025160
0.145316
-0.069727
-0.052413
0.058184
0.006611
-0.023325
0.081973
-0.011721
-0.060260
0.073771
0.063605
-0.022395
-0.134647
-0.062234
0.003397
-0.028583
0.074645
0.080651
-0.041177
0.004520
-0.007865
0.109030
0.170191
0.069354
0.008540
-0.033856
-0.028564
-0.058017
-0.048126
0.032166
-0.139958
0.112769
0.279499
-0.097744
-0.128715
0.029551
0.150911
-0.022465
-0.012866
0.016317
0.013149
-0.032842
-0.111452
-0.080577
-0.113334
-0.081456
-0.141087
0.076045
-0.214777
-0.072836
0.066513
-0.043539
-0.025654
-0.040438
0.053669
-0.038596
-0.039873
-0.003233
