(3, 3, 16, 64)
-0.064147
-0.017265
-0.108880
0.063749
0.144316
-0.033569
-0.008087
-0.022153
0.000494
0.004308
-0.020692
-0.076156
0.023188
0.058433
0.005830
-0.031084
-0.010130
-0.132405
-0.043521
-0.033686
0.024814
-0.045639
-0.014649
-0.112108
-0.020889
0.010546
-0.005738
-0.108949
-0.071574
0.018200
0.085096
-0.001698
0.012494
0.021760
-0.048871
-0.011487
-0.012611
-0.029751
0.005420
0.020409
-0.114130
-0.060166
-0.001991
0.266172
-0.174218
-0.052389
-0.044171
-0.001224
0.239743
-0.024845
-0.028020
-0.015966
0.079404
0.029626
0.049102
-0.102522
0.111416
-0.005610
-0.171141
-0.059365
-0.054736
0.036091
0.254812
0.089056
0.088224
0.010538
-0.070124
-0.197358
0.035395
-0.095695
0.009846
0.044556
-0.087259
0.074982
0.028039
0.039915
-0.172521
0.157867
-0.002642
0.251930
0.170886
-0.103184
-0.082856
0.060581
0.108082
-0.036283
0.078669
0.029374
0.084175
-0.072293
0.176021
-0.054338
0.252647
-0.169395
-0.014941
-0.085090
0.015281
-0.026055
-0.033533
0.007258
-0.087019
0.033756
0.006638
0.110387
0.094351
0.108107
0.106099
0.065778
0.052021
-0.066885
-0.025742
-0.212860
0.070201
-0.072299
-0.026243
-0.084690
0.120778
0.047349
-0.033137
0.021546
0.176735
0.032537
-0.166700
-0.005718
-0.027016
-0.058053
-0.067666
0.079093
-0.005594
0.035185
-0.163521
-0.162526
0.099383
-0.002399
-0.057328
-0.139196
0.087418
-0.032199
-0.064958
0.041192
-0.092381
-0.077822
0.014818
0.111619
-0.140079
-0.134140
-0.035718
-0.100193
-0.048651
-0.035062
-0.062567
0.036304
-0.012624
-0.088763
0.095092
0.002005
-0.031228
-0.109472
-0.033689
-0.020598
-0.073991
-0.029688
0.075108
0.174569
-0.238718
-0.042637
0.006411
-0.033026
-0.099951
0.066089
-0.220261
0.013015
-0.017723
-0.057490
0.042896
-0.126939
0.005204
-0.008403
0.002291
-0.051399
0.026600
-0.019657
0.001118
0.006471
-0.017472
0.009525
-0.096967
-0.048298
-0.282825
0.393116
0.015534
0.154906
0.035698
0.042649
0.060359
0.097195
0.013550
-0.122534
-0.005981
-0.076659
-0.037389
-0.008877
0.066620
-0.077380
-0.079350
0.067511
0.102321
-0.025177
0.004692
-0.075669
-0.028685
-0.028947
0.058564
0.002286
-0.028435
-0.075003
-0.009336
0.073291
-0.152015
-0.002744
-0.084538
0.090197
-0.028760
-0.017198
-0.024909
0.062796
-0.043458
-0.114026
0.045502
0.097209
0.018019
-0.044233
0.066391
0.051452
-0.025396
-0.019164
0.017425
-0.007817
0.040413
-0.008153
0.034873
0.088263
-0.038427
-0.114430
0.005738
0.032881
0.172076
-0.080040
0.047348
0.008346
0.065750
-0.010266
0.187702
0.200325
0.018126
0.039562
0.113028
-0.051153
0.138108
0.196390
0.014117
0.108339
-0.026545
-0.215155
0.126761
-0.004041
0.017434
-0.030946
-0.129774
-0.109582
-0.002807
-0.044628
-0.166054
-0.059481
-0.029552
0.026330
-0.207947
-0.032255
0.026101
-0.049407
-0.137328
-0.059189
-0.176961
0.050368
-0.208086
0.046924
0.024736
0.107175
-0.015297
-0.073960
0.242866
0.099899
-0.076727
-0.022343
-0.014488
-0.170671
-0.074221
-0.055134
-0.134047
0.006639
-0.013007
0.066577
0.062128
0.077932
-0.006360
0.068642
0.009280
0.023502
0.108904
0.018378
0.084881
0.023686
-0.161295
0.088150
0.138374
-0.019203
-0.135466
0.743537
0.118532
-0.008985
-0.098197
-0.068000
0.057905
-0.141108
0.057389
-0.121413
0.107501
-0.042622
0.013340
-0.079607
0.012339
0.018838
-0.087611
0.017993
-0.112316
-0.053305
0.134283
-0.172992
0.067819
0.009560
-0.082921
-0.052629
0.002329
0.046651
-0.038343
0.041799
0.055269
0.016771
0.114852
0.023978
0.050361
0.033213
-0.040355
-0.109869
-0.184002
-0.142375
0.056322
-0.038963
0.078922
-0.049857
-0.028737
-0.124347
0.010256
-0.045574
-0.041804
0.022381
-0.062572
-0.017860
-0.089900
-0.024601
-0.010281
0.082675
0.123785
0.062404
0.031804
0.085912
0.090429
-0.019017
0.104264
0.028347
-0.043674
0.168694
-0.159525
0.081935
-0.161786
0.093899
0.175780
0.055020
-0.065775
-0.123869
0.019888
0.101756
-0.053256
-0.004344
0.070234
0.073998
-0.083800
0.048422
0.020954
-0.144304
0.103869
0.012257
0.138357
0.101496
-0.039268
0.122325
0.134590
-0.090045
-0.107279
-0.121094
-0.124134
-0.139180
-0.030565
0.212182
-0.014793
0.015438
0.138803
-0.050359
-0.136346
-0.147451
-0.083225
0.146624
-0.032074
-0.030902
0.037272
-0.150418
0.112331
0.022527
-0.029762
-0.075003
-0.061463
0.098825
0.030830
-0.016410
-0.012112
0.170357
-0.140120
-0.029849
0.030212
-0.018745
0.076203
-0.039340
0.143466
-0.045101
0.275398
-0.074013
-0.016788
-0.038817
0.021792
-0.045738
0.115151
0.003222
0.032319
-0.026044
-0.022283
0.023142
0.070445
0.002231
0.021150
0.002567
-0.019252
-0.040257
0.021646
0.113799
-0.031131
-0.073257
-0.047038
0.027067
-0.180673
-0.011393
0.013984
0.061770
-0.013379
-0.021736
0.117654
-0.016235
0.155298
0.006461
-0.046738
0.018604
-0.038239
-0.105943
0.000971
0.029190
-0.013907
-0.040328
0.053703
0.047076
0.009184
-0.008982
0.039569
-0.246647
-0.024521
0.031585
-0.023252
-0.069094
-0.241733
0.041440
-0.014412
-0.003329
0.077846
0.015264
0.094764
-0.019808
-0.032195
-0.154919
0.185779
0.043167
-0.039086
0.101357
-0.210114
0.031138
0.074531
0.090500
-0.169141
-0.100086
0.016709
-0.067830
0.072195
0.132584
-0.071505
0.027376
-0.007883
-0.032528
-0.112258
0.145723
-0.041950
0.266921
0.085588
0.048953
-0.128243
0.042043
-0.062062
0.017702
-0.013978
-0.059916
0.124430
0.023106
0.123807
-0.010485
0.098494
-0.116981
0.073187
-0.001619
-0.006585
0.009015
-0.082367
-0.085441
-0.030986
0.008637
0.024884
0.324960
-0.053993
-0.114839
0.057366
0.030439
-0.063704
-0.088281
0.008332
0.001776
0.001574
-0.019407
-0.013800
-0.050178
-0.011654
-0.015611
0.077043
-0.055675
0.082112
0.017129
-0.238001
-0.015946
0.077348
-0.100730
0.104451
-0.038032
-0.064576
-0.041503
0.059981
0.014245
-0.020933
-0.060388
-0.075550
0.072548
0.047412
0.016926
-0.030775
-0.028496
-0.080819
0.044662
-0.028605
0.018932
-0.046998
-0.103508
0.045990
-0.014740
-0.118086
0.012295
0.050797
-0.053969
0.040982
0.009813
0.078330
-0.035446
0.029641
-0.047865
-0.016094
0.014183
0.049048
0.480071
-0.016457
-0.033864
-0.057267
0.089690
0.029793
-0.055790
0.000344
-0.031973
-0.002619
-0.078218
-0.002659
-0.021598
-0.039562
-0.051057
-0.133278
-0.037028
0.006117
0.009943
-0.039810
-0.150019
-0.006385
-0.024126
0.043600
-0.000717
0.021133
0.028315
-0.016071
0.046065
0.042874
-0.007389
-0.061451
-0.074579
-0.111707
-0.055033
0.068672
0.283609
0.021949
0.008436
0.028334
-0.012300
0.012321
-0.053652
-0.045927
-0.132767
0.041410
-0.053998
-0.182980
0.045904
-0.002107
0.018007
0.103264
0.035446
-0.231758
0.009136
0.063652
0.111785
0.042696
0.070562
0.051390
0.090048
0.007253
-0.000313
-0.155963
0.074852
0.052437
0.201935
0.035543
-0.217781
0.016300
-0.003956
0.014380
0.024148
-0.088716
0.028393
0.011770
0.101014
-0.053192
0.056816
0.066842
-0.045477
-0.089524
0.176000
0.153429
0.018359
0.091168
0.003391
0.140793
0.051516
0.056009
0.081253
-0.231095
0.035147
-0.034096
0.079538
-0.054125
-0.126990
-0.056866
-0.002907
-0.090268
-0.032903
0.129405
-0.035928
0.025356
0.132719
0.305961
-0.021333
-0.069741
0.067779
-0.035955
0.016528
-0.049037
-0.007350
0.013216
-0.082831
-0.001329
-0.045483
-0.127899
0.005066
-0.035548
-0.140368
0.072869
-0.010443
0.049785
-0.032237
-0.309354
0.018504
0.214409
0.018639
0.054849
-0.087378
0.085031
-0.095820
-0.112253
-0.014158
0.205547
0.036502
-0.023663
0.007906
0.004991
0.173180
0.004759
-0.039372
0.009390
0.023114
-0.025771
-0.001357
-0.093791
-0.079801
-0.000605
-0.010540
0.042472
0.002412
-0.014888
-0.072154
0.048024
0.150795
-0.000400
0.248591
-0.068895
-0.019093
-0.032075
0.064348
-0.125826
-0.033338
0.110056
0.070836
-0.120973
0.125658
0.032568
-0.151656
-0.062430
-0.036906
0.017777
-0.020625
-0.090785
-0.022050
-0.017565
0.145068
-0.004626
0.217649
0.101244
-0.053203
0.010580
0.044427
-0.041168
-0.078053
-0.027717
0.087097
-0.011880
-0.035909
0.155652
0.036932
-0.037799
-0.083090
-0.237007
0.067374
0.045877
-0.023484
0.170443
0.011463
-0.006737
-0.003092
-0.019672
-0.063363
-0.077182
-0.066198
0.030220
0.071136
0.065736
0.040865
0.042178
-0.008206
0.166791
0.091416
0.021306
-0.019934
-0.024547
0.303590
0.081653
0.067173
-0.005998
-0.057246
-0.037982
0.167518
-0.012747
-0.037575
0.115196
0.070334
-0.175672
-0.046120
0.033088
-0.063606
-0.232885
0.062123
-0.046058
0.015899
0.027022
0.005434
-0.105389
-0.007403
-0.009241
0.085091
-0.016769
0.106587
0.129591
-0.051062
0.063260
0.275940
-0.003633
-0.059370
0.043380
-0.080733
0.262351
0.024591
-0.276013
0.012154
-0.018448
0.130035
-0.030582
0.159296
0.139450
-0.052557
-0.163830
0.022774
-0.063427
-0.001035
-0.008186
-0.223110
-0.043011
0.031881
0.011294
0.095096
0.064954
0.025736
0.099141
0.103815
-0.023921
0.176197
0.055098
-0.008145
-0.034518
-0.097648
0.002977
0.208694
0.041865
-0.103074
0.062950
-0.024321
-0.008247
-0.017308
-0.002214
0.123442
-0.060777
-0.048319
0.021382
-0.284832
-0.170582
0.184123
-0.056897
-0.045767
-0.090539
-0.017987
0.131278
-0.084264
-0.022752
-0.197321
0.045507
-0.157389
-0.035602
-0.097858
-0.027856
-0.011430
0.121327
0.132025
-0.013811
-0.025838
0.177571
-0.021651
0.151878
-0.021586
-0.024424
0.070906
0.248416
-0.093697
-0.001824
0.151100
-0.146837
0.019276
-0.071706
0.043333
-0.049193
0.280985
-0.017902
-0.012910
0.023083
-0.019180
-0.058736
0.057388
-0.015336
0.105080
-0.000712
-0.167678
0.058495
-0.001281
0.006146
-0.192053
0.110414
0.188009
0.029974
-0.012588
-0.141800
-0.008065
-0.000406
-0.001415
0.201047
0.012943
-0.036285
0.023568
0.141130
0.021683
-0.026110
-0.080362
-0.042608
-0.019183
-0.029273
0.055618
0.003518
0.073864
0.038081
-0.095338
-0.074573
-0.092062
0.085196
0.046332
-0.052653
-0.124556
0.101097
-0.061041
0.016805
-0.041349
0.041967
0.000339
0.046015
-0.049524
-0.001582
0.142072
-0.057152
-0.055394
0.001340
0.001898
-0.135591
0.029958
0.059290
-0.004399
-0.034266
-0.014095
0.000129
-0.018371
0.039270
-0.142669
0.026367
-0.060453
0.047898
0.016955
-0.095183
-0.015483
0.017643
-0.003928
-0.031689
0.065488
-0.250103
0.141676
-0.053906
0.165000
-0.067757
-0.068069
-0.077174
0.091326
0.118647
-0.035602
-0.018833
-0.030433
-0.025097
-0.046293
0.010264
0.021261
-0.006895
-0.024665
-0.003857
0.039431
0.006327
-0.111382
0.003548
-0.080958
-0.008620
0.063335
-0.028319
0.019555
-0.024430
0.000069
-0.004967
-0.008902
-0.104941
0.004542
0.038659
-0.012306
0.027659
-0.031997
0.084826
-0.048729
0.033092
-0.052736
0.199057
0.155901
-0.058896
-0.042625
0.020599
0.417769
0.060856
-0.015289
-0.030989
-0.126347
-0.186805
0.019346
0.053342
-0.091766
-0.101867
0.001412
0.031911
-0.066974
-0.005336
0.133639
0.075739
0.115064
0.018707
-0.058837
-0.021150
-0.007485
-0.340719
0.011778
-0.031235
-0.183043
-0.042171
0.023795
-0.071878
0.067699
-0.024882
-0.056620
0.056547
0.098605
-0.159424
-0.191409
-0.049545
-0.202274
0.009405
-0.093753
0.129103
-0.022700
0.160882
0.101177
0.040330
-0.047997
0.070398
-0.101734
0.126848
0.041053
0.260935
-0.081901
0.030589
-0.122910
0.029784
-0.069336
-0.160135
-0.024384
-0.028731
-0.010983
-0.128304
-0.258010
0.143062
0.142120
0.132546
0.041122
-0.042927
0.000556
0.055050
-0.002238
-0.034834
0.018371
0.113821
0.251133
-0.050774
-0.045513
-0.049130
0.113830
0.096075
-0.003926
0.118366
0.007348
-0.136661
0.007803
-0.116082
0.009322
-0.228867
-0.064601
-0.068427
-0.144776
0.199531
-0.009069
-0.064761
-0.156350
-0.234946
0.003303
-0.112495
-0.048128
-0.133421
-0.004247
0.020913
-0.201503
-0.036050
-0.149609
0.060887
-0.048251
-0.003761
-0.009537
-0.065561
0.026815
-0.039983
-0.135238
0.123401
-0.033062
-0.008627
-0.156074
-0.082112
-0.049917
0.029774
-0.053127
-0.030787
-0.113515
-0.088403
0.001588
0.064807
0.100208
-0.096633
0.029925
-0.008434
-0.059427
0.001787
-0.096812
-0.023743
0.031168
-0.050651
0.093615
-0.059218
-0.149186
0.013740
-0.035002
-0.138921
0.074997
-0.026356
-0.017207
0.041065
0.036829
0.038335
0.057608
-0.004909
-0.019485
-0.017691
0.142447
0.020172
0.090341
-0.105205
0.136304
-0.105506
-0.114533
0.183522
-0.084354
-0.016192
-0.018514
-0.026196
-0.155445
-0.031801
0.042522
-0.054860
-0.028956
-0.049787
-0.136927
0.078733
-0.009768
-0.079866
-0.109256
-0.071673
-0.001101
-0.073782
0.030363
-0.145001
-0.058468
-0.006076
-0.011178
-0.039175
0.020271
-0.109326
-0.080496
0.011795
-0.137930
-0.096877
-0.067969
0.095758
0.065325
0.022277
0.020302
0.023348
0.018415
0.010681
-0.126481
-0.058172
0.154544
0.102386
0.033246
-0.044124
-0.059458
0.158356
-0.000486
0.000495
-0.005696
-0.039519
-0.052940
-0.138207
0.063865
-0.056785
-0.046316
0.119278
-0.052753
0.124518
0.191045
0.079765
-0.054419
0.097178
-0.191139
-0.228000
0.046923
-0.031377
-0.012945
-0.153814
0.130687
0.073247
0.222965
0.030814
-0.047946
0.026583
0.020805
0.081373
-0.131856
0.022016
0.022806
0.017719
-0.070723
-0.059561
-0.046914
-0.273404
-0.068663
-0.020987
0.195966
0.019203
-0.013835
0.210092
-0.006585
-0.002195
-0.053781
0.164333
0.361304
-0.083595
-0.004374
-0.081955
0.038377
0.019542
-0.033906
-0.009775
-0.070051
-0.084188
0.057645
-0.074305
-0.392223
0.120851
0.089949
-0.001681
0.095501
-0.078028
0.030467
-0.174389
-0.099988
0.048249
0.029996
0.032239
-0.040936
0.168112
0.007502
0.046883
-0.058667
0.039995
0.038063
-0.010351
-0.033957
-0.017677
-0.020800
0.019980
0.020162
-0.018430
0.043536
-0.051673
-0.020683
-0.035739
-0.139965
-0.196982
-0.043772
-0.151194
0.026141
-0.001138
-0.009597
-0.080558
0.005245
-0.118869
-0.039920
0.062496
0.078832
0.033681
0.017686
-0.074630
-0.053409
0.053054
0.091127
-0.007510
0.061003
0.063444
0.052711
-0.002848
-0.086500
-0.074982
-0.120280
-0.162693
0.065174
0.024513
0.152597
0.178154
-0.084421
0.041527
-0.034596
-0.028495
-0.068369
0.018302
0.027903
0.085534
-0.014483
0.046973
0.055479
0.038015
0.107826
0.130766
0.006507
0.349163
0.185845
0.099417
0.015680
-0.305284
0.069565
-0.061943
0.172106
0.262714
-0.037704
0.063477
0.220024
-0.089582
-0.144005
-0.035982
0.000893
-0.105430
-0.031318
-0.246648
-0.037740
-0.155384
0.018007
0.076866
-0.062933
-0.168936
-0.044198
-0.112539
0.086737
-0.001897
0.168331
0.045235
0.008985
-0.067484
-0.094956
0.030981
-0.034324
-0.094142
0.048576
-0.126142
-0.011031
0.125533
-0.104956
-0.107703
-0.013036
-0.023539
0.049699
0.037116
0.091948
0.002129
-0.058157
0.229806
-0.021755
-0.184163
-0.061936
0.028241
-0.030628
0.026937
0.030100
0.021675
-0.017775
-0.029786
-0.016170
0.066285
0.014895
0.062527
-0.035077
0.098148
0.005979
0.079841
-0.023236
-0.013295
0.037383
-0.027907
-0.010324
-0.016865
-0.043669
-0.048414
0.022188
0.026991
-0.092422
0.017002
-0.010426
-0.022019
-0.026123
-0.000733
-0.017657
-0.006643
-0.029956
0.039114
-0.051962
0.023485
-0.057863
0.129168
-0.010590
0.012105
-0.031790
0.010943
-0.028538
-0.071201
-0.021915
-0.021514
-0.036547
0.083767
0.006296
0.045931
0.022449
0.010456
-0.505898
-0.042599
0.033218
-0.052877
0.025307
0.255562
0.060213
-0.066784
0.197741
-0.023879
0.074953
0.048022
-0.102180
-0.033185
-0.584821
-0.078990
-0.027784
-0.031785
0.050275
-0.204434
-0.020102
-0.114989
0.096846
-0.242396
-0.095262
-0.041534
0.007454
0.006451
0.016884
0.040650
-0.049709
-0.029681
0.028136
-0.069064
-0.158077
0.074911
-0.038002
0.188927
-0.002475
0.231800
-0.056486
0.123848
-0.091799
0.002940
-0.042963
0.213903
0.024254
0.353266
-0.013675
0.101908
-0.126843
0.021311
-0.057290
-0.014241
0.013656
-0.098869
-0.053372
-0.028792
-0.042624
0.031800
-0.115971
0.020876
-0.119018
0.100557
-0.021887
-0.018777
0.007150
0.082012
-0.084987
0.000613
0.066961
-0.119636
0.087190
-0.019089
-0.008499
0.103740
-0.030636
0.029236
0.015705
-0.110333
0.028267
-0.072103
-0.243505
-0.166557
-0.044346
-0.006581
-0.010849
0.048032
-0.026160
0.081289
0.027721
-0.032482
0.071023
0.001777
-0.050847
0.043802
0.057996
-0.076958
-0.078724
-0.027866
-0.063619
-0.039008
-0.067442
-0.079570
-0.053325
0.010384
0.005216
0.066808
-0.089698
0.014050
0.035557
-0.037349
0.044403
0.049994
-0.045983
0.008194
0.015100
-0.020767
0.309404
0.014818
-0.018868
0.035198
0.006488
-0.059389
-0.020601
0.009835
0.021012
-0.006842
-0.236186
0.048365
-0.001085
0.067213
0.012389
0.098820
-0.038389
0.095898
0.092777
0.011639
-0.014100
-0.002474
0.064400
-0.020731
0.016222
-0.039946
-0.066682
0.003805
0.043718
-0.003008
-0.034774
0.089931
-0.221865
0.044608
-0.078497
0.166158
-0.273267
0.057698
0.008081
-0.262929
0.047013
-0.104843
-0.245549
0.002100
0.191859
0.036375
-0.048285
-0.034237
-0.043257
-0.096666
0.002915
-0.126414
-0.007632
-0.120429
0.051707
-0.025100
0.003029
-0.092860
-0.115187
0.015390
0.123871
-0.056915
-0.028515
0.165099
0.029087
0.068204
-0.003827
0.006173
-0.047088
0.013767
-0.066758
-0.067943
-0.024416
-0.037208
0.064591
0.053163
-0.091040
-0.170881
0.180779
-0.074010
0.039933
-0.277708
-0.167036
0.206669
0.224523
0.006645
-0.046807
0.086879
-0.035356
0.142321
0.056367
0.085569
0.000533
0.099500
-0.013310
-0.039520
-0.062427
-0.062096
-0.002876
-0.276530
0.225661
0.171832
0.010533
0.027899
0.139278
0.120068
-0.096050
-0.030312
-0.265008
0.000453
-0.022139
-0.069852
0.034976
-0.152979
-0.061381
-0.026237
0.262267
-0.241297
-0.014293
0.037238
-0.200360
-0.035868
0.329016
-0.057260
0.007368
-0.074480
-0.061303
-0.095286
0.001433
0.123973
-0.100954
-0.081530
-0.049437
-0.053149
0.020756
0.299748
0.064044
-0.025131
-0.044318
0.025394
0.120855
-0.080132
0.030330
-0.033622
0.036315
0.118872
-0.054577
-0.112805
-0.060917
-0.084562
0.097734
-0.000223
-0.040204
-0.002381
0.199422
-0.039132
0.018284
-0.021998
-0.023483
0.004943
-0.016018
-0.123755
-0.032656
-0.115716
0.141956
0.245966
-0.005643
0.190470
-0.291494
-0.125335
-0.374454
-0.024249
0.077387
-0.089331
-0.008740
0.187704
0.020358
0.001567
0.126840
-0.036494
0.043974
-0.073177
-0.095404
0.007750
0.082826
0.018154
0.002779
-0.062401
-0.056931
0.075761
-0.026118
-0.112597
-0.015782
-0.142577
-0.186317
-0.215605
0.037014
0.135364
0.001137
-0.126185
-0.010676
-0.016120
0.014858
0.073868
-0.138190
0.436014
0.033043
0.003654
-0.019366
-0.258116
-0.052592
0.077016
-0.068125
-0.024849
-0.089860
0.020210
-0.017373
0.052292
0.102123
-0.070601
0.024834
-0.010318
-0.166253
0.009495
0.181369
0.063994
-0.024167
0.244911
-0.242159
-0.264564
-0.071730
-0.007351
0.073282
-0.325099
0.160174
-0.023378
0.287669
-0.081543
0.051976
0.104284
0.050704
-0.071344
0.189181
-0.009960
-0.296526
0.245366
-0.040936
-0.054025
0.104085
-0.003374
-0.327392
0.098428
-0.104742
-0.051450
-0.016219
0.132803
-0.007301
-0.063283
0.122619
0.016279
0.109331
0.087046
0.009532
-0.258251
0.026185
0.037506
0.020060
-0.029902
-0.169227
0.098381
0.030373
0.024592
0.041084
-0.103364
-0.013051
0.144764
0.121619
-0.019028
0.000876
0.037461
0.001117
0.058770
-0.123947
0.025094
0.025509
0.009237
0.063222
0.081369
-0.015761
0.017003
-0.018177
0.000363
-0.373392
-0.118544
0.021701
-0.064254
0.170225
0.074334
0.295785
-0.031522
-0.077922
-0.047514
-0.037880
-0.229208
0.016055
-0.008471
-0.051331
0.042428
-0.088648
0.128120
0.068823
-0.107496
-0.027631
-0.024388
-0.048269
-0.045502
-0.029743
0.156910
0.038297
-0.010218
0.036402
0.182911
0.054929
0.075142
-0.156132
-0.202198
0.078541
0.131158
-0.010931
-0.025515
-0.006084
0.047719
0.155700
-0.470293
0.000011
0.016738
0.017690
0.022330
-0.035070
-0.044880
-0.085479
-0.042718
-0.092375
0.033226
-0.003565
0.044650
-0.015674
0.010423
0.066531
0.009089
0.052900
-0.085369
-0.092977
-0.013131
0.041466
0.263375
-0.014599
0.088686
-0.022877
-0.206174
-0.058597
0.030641
-0.134536
-0.017890
-0.069554
-0.072717
-0.132858
-0.022011
0.129909
-0.097276
-0.114747
-0.031223
-0.018878
0.056145
0.005276
-0.047162
-0.022600
-0.045898
0.029442
-0.028241
-0.052252
-0.079503
-0.018193
-0.142872
-0.012225
0.045698
0.046466
-0.046430
-0.104306
0.162902
0.090246
-0.227730
-0.041754
-0.015798
0.003490
-0.065094
0.043791
0.010419
-0.027745
-0.011490
-0.176536
-0.120486
-0.042889
0.125960
-0.114161
0.005303
0.049289
-0.028352
0.007118
-0.004210
-0.039045
0.013781
-0.005896
-0.037967
-0.104182
0.093183
-0.016260
-0.025819
0.056169
0.018686
-0.025711
-0.070776
-0.070298
-0.006744
0.029494
0.014082
0.002273
0.007751
0.010223
0.070737
0.022770
-0.106203
-0.114892
0.024231
-0.004166
-0.091946
0.019505
-0.038154
-0.056947
0.039897
-0.043051
-0.069932
-0.079802
-0.090888
0.028812
0.017078
-0.061520
-0.005712
0.051307
-0.003008
0.002192
0.018896
-0.092287
0.239253
-0.051034
-0.048830
-0.072342
0.059095
0.214972
0.184738
-0.052993
-0.037327
-0.142828
-0.160948
-0.035286
-0.059420
0.046482
0.025052
-0.004464
0.008433
-0.090671
-0.009869
0.069652
0.065903
0.046444
-0.038732
0.022817
-0.088526
-0.072859
0.091621
-0.002548
0.077694
-0.133534
0.001686
-0.012716
-0.098349
0.018456
0.038931
0.020045
0.007753
-0.069407
-0.089561
0.024476
0.065554
-0.083461
-0.139202
-0.143874
-0.118183
0.007569
-0.082886
-0.003495
0.006060
0.004157
-0.042329
-0.081223
-0.214057
-0.038541
0.064023
0.001340
0.003790
-0.032519
0.019292
0.014368
-0.178825
0.028097
-0.010653
-0.026992
-0.089506
0.061635
0.044464
0.129269
-0.100886
0.016321
-0.089795
0.085559
-0.000601
0.170900
-0.064482
-0.011264
-0.087331
-0.037439
0.033070
0.028019
-0.104019
0.046505
0.126749
0.042281
0.069479
0.009049
0.052196
-0.050561
0.002748
-0.043461
0.043192
0.033120
0.117610
-0.063887
-0.037640
0.039617
0.022616
-0.120759
0.018702
-0.127198
-0.042758
0.031709
-0.175928
-0.036995
-0.000713
-0.019114
0.049598
-0.116547
0.006737
0.062044
0.039139
-0.048908
-0.029373
-0.025501
-0.083826
-0.053699
-0.246728
0.007193
0.030428
-0.027760
0.054162
-0.034236
-0.037420
-0.013854
-0.041455
-0.096185
0.022559
-0.008544
0.014353
-0.068854
-0.117339
0.004160
0.175758
-0.043008
0.013689
0.001748
0.039090
0.135325
0.007521
0.013193
0.045486
-0.041153
-0.051252
0.049225
-0.053595
0.050782
-0.035729
-0.010463
-0.019578
0.042672
0.153655
-0.016855
-0.048964
-0.206889
-0.051359
0.041785
0.008354
0.087744
-0.040302
-0.062742
-0.038809
-0.054998
-0.031182
0.029739
0.034266
0.004087
-0.048728
0.067282
0.213377
0.038606
-0.040492
0.085444
-0.031516
-0.012131
-0.018189
0.006802
-0.037995
0.001026
0.035659
0.016762
0.026969
-0.015982
-0.101806
0.016853
0.008149
0.096988
0.019721
-0.025552
-0.131320
-0.006830
0.009101
0.006771
0.005671
0.131546
0.034981
0.142738
0.024138
0.020174
0.010767
0.053015
-0.051926
-0.120498
-0.014450
0.103973
-0.107904
0.014226
0.037119
0.037096
0.158021
-0.063611
-0.007437
-0.047672
-0.005286
0.004750
-0.000760
0.017921
0.003321
-0.023301
-0.239943
-0.014956
-0.033657
0.168532
-0.038090
-0.030115
0.159966
-0.147180
-0.067882
-0.020773
0.015951
0.104997
0.014089
-0.069130
0.003776
-0.104028
0.139185
-0.073512
0.000011
0.016184
0.273766
-0.045712
0.007614
-0.035385
0.137613
0.052440
0.231856
0.011792
-0.095435
-0.183190
0.023347
0.091678
0.057397
0.046721
-0.009016
-0.058881
0.057332
-0.086516
0.147075
-0.128945
0.027162
0.056333
0.321486
0.044833
-0.029651
-0.041542
-0.018030
-0.184380
0.053381
0.032137
0.016167
0.135972
-0.074148
0.026837
0.089640
0.035938
-0.101989
-0.003116
0.026324
-0.069391
0.111523
-0.019778
-0.025775
0.023067
0.039286
-0.105801
-0.016154
-0.122567
-0.036510
-0.051690
-0.093057
-0.082834
-0.156527
0.048003
0.019860
-0.056160
0.009271
-0.018635
-0.003244
0.038462
0.030360
-0.144820
0.070768
-0.021707
0.045894
-0.017765
0.018280
-0.133538
-0.102128
0.110611
-0.020414
-0.031585
0.048546
0.043946
0.043348
-0.032320
0.081461
0.042940
0.053857
0.015241
0.036699
0.013125
0.083816
0.042882
-0.137299
-0.163513
-0.009976
-0.040255
-0.174222
0.028389
0.041749
0.182107
0.059047
-0.056375
-0.096835
-0.074138
-0.029843
-0.016411
-0.034925
0.106516
0.028644
-0.018862
-0.162119
-0.091385
0.059915
0.007135
0.076172
-0.095207
0.074975
0.090925
-0.110927
0.027136
-0.084796
0.044507
-0.144351
0.184874
-0.033625
0.099934
0.039614
-0.031152
-0.028832
0.129412
0.049813
0.149050
-0.160933
-0.014547
0.085866
-0.041447
-0.084975
0.088484
0.029956
0.030049
-0.113674
-0.051631
0.064816
-0.108054
0.042174
0.070593
-0.078963
0.083388
-0.043738
0.022062
0.174313
0.133360
0.043222
0.071258
-0.052922
0.060164
0.110382
-0.132241
-0.132079
-0.010060
-0.010608
0.119366
-0.012132
-0.025272
-0.084763
-0.122759
-0.093081
-0.070648
0.180977
0.095181
-0.061567
0.005151
0.093895
0.063036
-0.158742
0.057524
-0.219214
0.003542
-0.019067
0.074571
-0.050230
-0.021636
-0.099954
-0.012676
0.025857
0.022261
0.063101
0.015868
-0.045168
-0.038410
0.009921
0.010605
-0.005644
-0.002062
0.053719
-0.040755
0.035498
0.000485
0.025793
0.019422
0.274300
-0.024851
0.024327
-0.028992
0.045074
-0.019515
-0.060058
0.010385
0.067135
-0.013623
0.013283
0.050445
0.000503
0.098487
-0.073187
-0.076823
-0.016074
0.049140
0.041688
-0.017816
-0.046626
0.042551
-0.014511
-0.326042
-0.150168
-0.012845
0.020208
0.121443
0.134167
0.008587
0.031928
-0.012396
-0.048783
-0.071073
0.057674
-0.058068
-0.029216
-0.168835
-0.108619
-0.028783
0.010432
-0.011905
0.101496
-0.017162
-0.052316
0.053948
-0.125524
0.005605
0.080111
0.018677
-0.026480
-0.052037
0.033847
0.042319
0.026555
0.005332
-0.018266
-0.021454
0.057817
-0.243501
-0.020354
0.066053
-0.123452
-0.019713
0.027372
0.056267
-0.015785
0.016499
0.279586
0.042489
0.003240
-0.042862
0.136377
-0.125078
-0.019344
-0.044798
-0.029578
0.010703
0.165792
0.049086
0.024800
0.061755
0.019316
-0.331291
0.007237
-0.131434
0.021956
0.000201
-0.005872
0.058463
-0.040273
-0.010084
0.024766
0.036504
0.044072
0.016972
0.006505
0.044289
0.076824
-0.001091
0.009929
0.035439
0.263949
-0.055457
-0.066099
-0.075842
0.061883
0.063782
-0.023521
-0.031674
-0.044720
-0.019643
0.052718
-0.036145
-0.009944
0.048318
-0.038715
-0.024591
0.035608
-0.013015
-0.015527
0.019768
-0.018210
0.031771
0.044544
-0.021077
-0.021105
-0.032886
0.135205
-0.043565
0.062995
0.156530
-0.022176
0.025205
-0.038433
-0.038976
0.017970
0.050868
0.023626
0.015248
-0.038253
-0.327765
0.020616
-0.025985
0.095064
0.005936
-0.065616
0.052952
0.030382
0.048762
-0.008461
-0.144667
-0.034637
-0.024751
0.007030
-0.015173
0.108991
0.039590
-0.106936
-0.088444
0.013888
0.086675
0.052464
-0.009000
-0.015321
0.005396
0.004739
0.023098
-0.022732
-0.000537
0.000017
-0.010908
0.023564
-0.001472
0.156024
-0.022330
-0.002135
-0.053668
0.135611
0.046963
0.047451
-0.031646
0.037396
0.059438
-0.040348
-0.088546
-0.148360
0.106378
0.151917
0.076087
0.047441
0.054438
-0.188035
0.002141
-0.121983
-0.065359
-0.128815
0.003049
-0.030648
0.050217
0.086128
0.114865
0.039503
-0.014247
0.044493
-0.014915
0.078567
-0.117177
-0.113777
-0.091763
0.157418
0.084971
-0.007842
-0.041529
0.083769
0.115718
0.053090
-0.055033
0.047364
0.186597
-0.014219
-0.000146
0.253067
-0.151496
-0.182535
-0.156332
0.131591
-0.029957
0.018159
-0.024797
-0.106837
-0.019927
0.114062
0.025924
-0.007161
-0.113957
0.013336
0.030996
0.085690
-0.015354
-0.034379
-0.081686
0.143783
-0.082827
-0.036506
-0.175380
0.012288
0.004333
-0.032502
0.149224
-0.035215
0.059835
0.035457
0.024856
0.045444
0.197833
0.044533
-0.001916
-0.299883
-0.055605
0.016570
-0.089701
-0.049061
-0.096393
0.014639
-0.047217
-0.085932
0.006206
-0.332720
-0.042622
-0.078706
0.127136
0.053082
-0.041348
0.102000
-0.058017
0.005522
0.025255
0.154139
-0.032734
0.001911
0.098595
-0.019111
0.098761
0.028219
0.018959
-0.057993
0.039227
0.230820
0.173230
-0.054258
0.004267
-0.045649
-0.043796
0.051595
0.062720
-0.009373
-0.018898
0.001672
-0.175935
0.096109
0.036371
0.055849
0.005778
0.061094
-0.084443
0.179963
-0.013458
0.031999
-0.302911
-0.060848
-0.057505
-0.044325
-0.057629
-0.164300
-0.016545
0.107342
-0.021284
0.019055
0.021651
-0.002269
-0.160416
0.021903
0.086925
-0.046399
0.089556
0.058177
0.012278
-0.005576
0.023764
0.189992
-0.093509
0.058500
-0.038459
0.201900
0.095128
-0.088666
0.064411
0.078329
0.012403
-0.089543
0.026520
0.152350
0.039592
0.002875
-0.119720
0.082850
0.072124
0.008649
-0.029968
0.164781
0.003846
-0.066606
-0.000007
-0.063919
-0.168496
-0.000930
0.036985
-0.065905
-0.079717
0.023110
0.032588
-0.026809
0.023040
0.024669
0.017791
0.008051
0.014472
0.058085
0.037177
-0.210990
0.017981
-0.068165
-0.023826
-0.054923
0.018839
-0.013773
-0.102613
-0.010238
0.006181
0.072558
0.025524
-0.057497
0.020698
-0.020428
0.070268
0.237740
0.053183
-0.138879
0.090906
-0.050585
0.000794
0.086438
0.062492
0.161146
0.144434
0.198923
0.007447
0.055220
-0.103883
0.021820
0.018305
0.027816
0.006556
0.010770
-0.028099
0.016047
0.020475
-0.019225
-0.088511
0.026396
0.046920
-0.008897
0.135784
0.049895
-0.063056
-0.029362
-0.118861
0.027181
0.072875
0.034515
-0.024593
-0.043426
-0.083070
0.065951
0.020317
-0.006940
0.106034
-0.036374
-0.025544
-0.031851
0.042990
-0.002756
0.140163
-0.102310
-0.012486
0.002370
0.157216
0.024108
-0.031254
-0.026529
0.091905
-0.054061
0.015593
-0.153823
0.015214
-0.024338
0.030493
-0.032316
0.246809
0.104318
-0.037696
-0.035922
0.064781
-0.020166
-0.007629
0.010443
0.076442
-0.018554
-0.006512
-0.004989
0.004599
-0.144248
-0.014951
-0.010951
0.074314
0.060472
0.066688
0.175625
-0.013396
-0.026200
0.009883
0.074424
0.079516
-0.095800
0.036919
0.021245
0.082629
-0.079867
-0.084893
0.134345
0.010241
0.156619
0.058552
-0.006696
-0.014937
-0.042768
0.220886
-0.168723
0.008273
-0.001193
0.093319
0.151373
0.007358
-0.052132
0.020429
0.053558
0.022034
0.019478
-0.009830
-0.026066
-0.029320
0.055643
0.033361
-0.014418
0.029896
0.125780
0.079144
-0.059063
0.076649
-0.004835
0.017693
0.028198
-0.138422
0.120324
-0.083475
-0.005337
0.047590
-0.099041
-0.053482
-0.022914
-0.052095
-0.068511
-0.038745
0.088019
0.043824
-0.045265
-0.249411
-0.055337
-0.022351
0.146470
-0.063203
0.021513
-0.015782
0.020906
-0.038051
-0.068299
-0.040293
-0.009923
-0.007374
-0.043185
-0.113927
0.023363
0.092199
-0.077837
0.182812
-0.086394
-0.002439
-0.038918
-0.023809
0.096022
-0.026036
0.158438
-0.011588
0.053769
-0.225443
0.041709
0.002324
0.008801
-0.004906
0.021789
0.035395
-0.098272
-0.017709
-0.051777
-0.029768
-0.048995
0.031141
0.009980
-0.003766
-0.027989
-0.035199
0.012792
-0.103241
-0.009827
0.005119
0.036086
-0.054735
0.087538
0.017538
-0.020334
-0.013439
0.066162
0.012470
0.042997
-0.004892
0.003629
-0.021149
-0.028022
-0.001114
-0.111503
0.074281
0.030641
0.045512
-0.085977
0.068884
0.116724
0.006652
-0.039431
0.091997
-0.061010
0.012319
0.009006
0.128848
0.327925
-0.012782
-0.051048
0.131627
0.023587
-0.005861
0.064435
0.072059
0.032704
-0.110330
-0.116947
0.021946
0.032062
0.039313
0.205760
0.082434
0.363765
-0.030647
0.075719
0.093411
0.030554
0.085884
-0.097002
-0.103350
-0.055340
0.016329
-0.010012
0.005921
-0.182809
0.045598
0.006489
0.283501
0.022326
-0.030547
0.055505
0.059110
-0.085324
-0.011736
-0.036712
-0.031295
0.126287
-0.018799
0.152697
0.005348
-0.387310
-0.256825
0.025152
0.178108
0.003596
-0.018623
0.235519
0.150837
0.082767
-0.051462
0.175155
-0.225670
-0.013318
-0.085891
0.019314
0.013719
0.033912
0.047901
0.004786
-0.058231
0.098720
-0.089466
0.037833
-0.247214
0.013031
0.014141
0.002507
-0.002394
0.133877
-0.033580
-0.198069
-0.086318
0.098182
0.066651
-0.114971
-0.052027
0.091322
0.032882
-0.002521
-0.129177
-0.043835
-0.069845
-0.042133
0.000989
-0.231166
-0.062303
-0.069218
-0.086655
-0.152231
-0.011332
0.028889
0.018788
-0.158602
-0.177987
-0.103557
-0.098874
-0.082925
-0.125824
-0.023310
0.063293
-0.029040
-0.047759
0.087366
-0.042314
-0.111603
-0.104745
-0.117472
-0.088382
-0.148062
-0.049236
-0.087598
-0.146312
-0.115433
-0.015408
-0.141957
0.076770
0.038825
-0.074724
-0.216642
-0.043038
-0.009063
-0.056446
-0.047166
-0.158575
-0.039326
-0.033153
-0.025649
0.044610
-0.035263
-0.105334
-0.174192
0.059523
0.046436
-0.050384
-0.149334
0.103270
0.008874
-0.018944
-0.028203
0.139916
0.011795
-0.131589
0.081682
0.075269
-0.051406
-0.116363
-0.040829
-0.069490
0.177194
0.022623
0.050319
0.008236
-0.067058
0.051238
0.075364
-0.053249
-0.046679
0.007198
0.043648
-0.022990
-0.065406
-0.031719
0.022363
-0.035467
-0.028000
0.022336
-0.106045
-0.115751
-0.087179
0.063318
-0.050018
0.139321
-0.036635
-0.005229
-0.012796
0.040894
-0.010279
0.082167
0.018876
-0.067935
-0.176651
-0.043188
-0.086926
0.042030
-0.027368
-0.064437
-0.018427
0.105095
0.039663
0.120064
0.018491
-0.119670
-0.164140
0.003491
0.083945
-0.120886
0.067137
-0.020005
0.005152
-0.033242
-0.004922
0.018067
-0.024070
0.038353
-0.137777
0.091316
0.022743
0.006272
-0.007209
0.011543
0.103281
-0.089419
-0.180248
-0.004422
0.012822
-0.037094
-0.181707
-0.071510
-0.112557
-0.120161
0.007308
-0.070881
-0.113395
0.018302
-0.079568
-0.074161
-0.033542
-0.028666
-0.148111
-0.041137
-0.105477
0.004618
0.251903
0.130507
0.025475
-0.193501
-0.114091
0.001660
-0.239473
-0.070771
0.013341
0.135122
-0.139165
0.322049
0.019719
-0.134207
-0.068568
0.025692
0.018976
0.050755
-0.017700
0.062921
0.027217
-0.018866
-0.010875
0.360880
0.080800
-0.066411
0.024373
0.023284
-0.139173
-0.052807
0.181408
0.040813
-0.043459
-0.040993
0.204197
0.116837
-0.040850
-0.040035
-0.013732
-0.026983
0.004738
-0.005314
-0.053026
0.117197
0.004558
-0.011079
-0.024199
0.020976
-0.029518
-0.021858
-0.092203
0.025929
0.038173
-0.117684
0.164384
0.028631
0.168511
0.029378
-0.068235
-0.007761
0.015864
0.032696
0.022055
0.051218
0.026881
0.020671
0.017156
-0.029607
-0.010435
-0.117004
-0.012715
-0.004736
0.114367
-0.066972
0.028243
0.058248
0.011342
0.090173
0.054515
-0.060515
-0.069649
-0.119341
-0.047731
-0.096941
-0.153152
0.012788
0.024372
0.052747
0.000648
0.097012
0.065212
0.107902
0.052356
0.078064
0.137214
-0.024448
-0.050472
0.032825
-0.120891
0.052708
-0.270697
-0.179846
-0.061675
0.004378
-0.088684
0.000860
-0.119935
0.004978
0.272421
0.009011
-0.000282
0.221859
-0.090628
0.066456
0.023627
-0.136701
-0.048067
-0.000457
0.194073
-0.000436
0.167774
0.203451
-0.083338
-0.057009
-0.152485
-0.052165
-0.005109
0.013662
0.100014
0.139984
-0.009091
-0.000732
0.129428
-0.023159
0.009459
0.051280
0.053030
-0.086302
0.082997
-0.040597
-0.123108
0.090490
0.092932
-0.000642
0.002226
-0.014045
0.016570
0.034371
0.018910
0.057309
0.087167
0.010329
-0.123829
0.091340
0.067911
-0.050743
0.029348
-0.045617
0.250983
-0.085018
-0.069438
0.028833
-0.016139
-0.119932
-0.067158
0.044538
0.074524
0.023082
-0.033687
0.046574
0.013685
-0.043416
-0.028674
0.007289
-0.026194
-0.056598
-0.042161
-0.008228
-0.037696
0.143668
0.017677
-0.055848
0.009743
0.001878
-0.036897
0.026414
-0.056415
0.052435
0.012396
-0.010381
0.055147
0.010970
-0.127514
0.032276
-0.007124
0.043758
-0.025224
-0.250038
0.029904
0.018473
0.045974
-0.051724
-0.087042
0.060658
0.042945
-0.055844
0.086053
-0.229247
-0.034531
-0.057091
0.002881
-0.086182
-0.381949
0.013751
0.011876
-0.201408
0.071897
0.001519
0.019907
-0.000505
0.016247
0.493674
0.183411
0.013823
-0.009479
0.063499
-0.360185
0.030285
-0.036540
-0.156261
-0.123253
-0.111080
-0.077643
-0.024396
-0.142205
0.073597
0.035861
0.021571
-0.029891
0.046220
-0.071419
0.059965
-0.039455
0.168222
0.141910
0.023261
-0.108307
0.047437
-0.020331
0.075443
-0.030182
0.069562
0.074582
0.069859
0.255886
0.061835
0.143846
-0.170103
0.071365
-0.056177
-0.046886
0.004664
0.084889
0.073838
0.054276
-0.061479
0.033311
-0.104773
-0.054996
0.051741
-0.027176
-0.074288
-0.009627
-0.016668
-0.129604
0.038974
-0.032743
0.046427
-0.051185
-0.083587
-0.097163
0.018502
0.020983
-0.128216
0.008518
0.005658
-0.253700
0.055331
-0.053678
-0.171545
-0.030848
-0.047224
0.041948
-0.039656
0.039134
0.001127
-0.060735
-0.010848
0.036919
-0.033512
0.041034
-0.007201
-0.048982
0.076919
-0.086578
0.045376
0.002719
0.017014
0.023998
-0.056598
0.124097
0.007477
-0.003002
-0.007853
-0.024004
-0.199347
-0.015968
-0.013664
-0.009244
0.000976
-0.018814
-0.006710
-0.020828
-0.009429
0.033074
0.735897
-0.027872
0.050125
-0.035489
0.028024
0.028951
-0.021087
0.030338
-0.020279
0.016355
-0.086779
0.086480
0.020481
-0.075821
0.015779
-0.212519
-0.064039
0.022759
-0.041214
-0.043616
-0.101820
0.006903
0.036721
0.049783
0.013653
0.074054
-0.059841
-0.019373
0.000235
0.025321
0.047723
-0.052961
0.114538
0.119507
-0.079536
0.038592
0.157003
0.046308
0.065385
-0.291815
-0.106531
-0.003080
-0.242014
-0.049522
-0.078996
0.015496
-0.073114
-0.137305
0.005821
0.047114
-0.061582
0.083328
-0.146700
0.096666
0.045557
0.009570
0.069046
0.018577
-0.015168
-0.039543
0.064338
-0.086167
-0.148819
-0.187201
0.044173
-0.130919
-0.147351
-0.029441
0.055740
-0.058408
-0.105395
-0.050690
0.150256
-0.125894
-0.086379
0.030500
-0.128389
0.180292
-0.080483
0.049341
-0.011475
-0.027585
-0.041823
0.175619
-0.176905
-0.070993
-0.006079
0.059019
0.047573
0.076513
0.020763
0.062180
-0.093853
0.043083
0.160948
0.060434
0.191931
0.076735
-0.124744
0.024711
-0.019512
0.184940
0.030734
-0.052613
0.072971
0.229465
-0.136549
-0.054324
0.265476
-0.013476
-0.012514
-0.111262
-0.006028
0.071152
-0.293052
0.061723
-0.248533
0.225467
0.056199
-0.005923
-0.152732
0.035136
-0.265474
0.092102
0.003887
-0.175836
0.051300
0.312268
-0.011766
-0.149919
0.011577
0.055071
0.110892
-0.062553
0.062077
-0.107376
-0.032452
-0.082045
-0.014254
-0.007849
-0.051492
0.037744
-0.041753
0.021845
0.038498
0.152390
0.054760
-0.162836
-0.239528
-0.043424
-0.193875
0.014852
0.033824
-0.009785
-0.163969
-0.010993
-0.021511
-0.024413
0.313274
0.041402
-0.015181
0.103144
-0.110974
-0.206001
-0.212261
0.084031
0.047677
0.145561
0.366690
0.091494
-0.252843
-0.051305
0.004159
-0.049336
-0.027458
0.084772
0.059710
0.000102
0.074565
0.040882
-0.041117
-0.083679
-0.002406
0.022587
-0.055319
0.055970
0.001704
0.010347
0.023491
-0.078367
-0.041440
0.109331
0.028617
0.122146
-0.031672
-0.219511
-0.187865
-0.074718
-0.041488
0.171123
-0.019858
-0.071356
-0.032350
0.034661
0.085818
-0.290543
-0.085800
0.008228
-0.022194
-0.211994
0.024845
0.070653
0.010315
-0.072809
-0.159357
0.069583
-0.040720
-0.037146
-0.010517
-0.085214
-0.033312
0.013416
-0.062048
-0.014567
-0.282962
-0.063096
0.011719
-0.032998
0.098229
-0.123760
-0.021669
0.057323
-0.106563
-0.212606
0.076379
-0.044075
-0.247540
-0.012956
-0.000622
-0.016112
0.051301
0.075554
0.169238
-0.021248
0.292070
-0.056747
0.038415
-0.028740
0.052670
-0.005800
0.393201
-0.096855
-0.095506
-0.109380
-0.028403
-0.344440
0.036420
0.080864
0.012005
-0.037703
-0.135632
0.049110
-0.049891
0.015195
0.038372
-0.086960
-0.015226
0.001982
0.135278
0.036611
0.003951
-0.056517
0.080111
-0.109068
0.038075
0.028099
0.154147
-0.062966
0.060294
0.033631
0.024626
0.029963
0.218408
-0.077877
-0.019351
0.062598
-0.156220
-0.069273
0.030060
-0.087070
-0.102636
0.012517
0.215427
-0.154795
-0.002966
-0.097413
-0.418329
0.052971
0.145934
0.002476
0.005725
0.022468
-0.021581
-0.176252
0.016776
-0.073364
-0.208625
-0.001958
0.030530
-0.065712
-0.041581
0.021141
0.005424
0.034687
0.057576
0.011684
0.021234
0.347462
-0.096573
0.069853
0.022247
-0.135099
-0.088211
0.142287
0.123594
0.024205
0.080115
-0.305816
-0.032862
-0.019489
-0.035440
0.046997
-0.224203
0.303318
-0.028791
-0.002818
0.063882
0.233839
0.022732
-0.105704
-0.005782
-0.029447
0.057851
0.049858
-0.018914
-0.027989
-0.147208
-0.030504
-0.027321
0.001566
0.051601
0.061675
-0.022636
-0.016915
-0.066740
0.014707
0.033435
0.015811
-0.016381
-0.195111
0.022683
0.017203
-0.114033
-0.061600
0.055366
-0.096002
0.002073
-0.037544
0.068934
0.027579
-0.096727
0.029978
-0.128261
-0.147621
0.040492
-0.054782
-0.131305
0.026054
-0.026740
-0.076428
0.035568
0.028314
-0.069988
-0.027233
-0.047324
-0.046867
-0.166748
0.037887
0.085593
-0.150309
0.030827
0.109710
-0.011546
0.020559
0.038572
-0.028322
-0.138792
-0.059143
0.045560
0.060621
-0.238152
0.009525
0.052202
0.103445
-0.064231
0.020945
0.109669
-0.036806
-0.011295
-0.100040
-0.087062
0.036027
-0.014179
-0.035382
0.208322
-0.051536
-0.008660
0.030700
-0.065546
-0.071823
0.008511
0.033918
-0.046489
-0.033409
-0.010227
-0.062609
0.047184
-0.013957
-0.047921
-0.007815
0.004291
-0.062833
-0.075630
0.026256
-0.029299
0.171380
0.238842
0.107979
0.135374
-0.012591
0.030107
-0.003323
0.047597
0.014447
-0.068594
-0.073361
0.016089
0.014469
-0.058607
-0.018487
0.025516
0.067872
0.019817
-0.003018
-0.103929
0.211388
0.087327
0.051975
-0.104597
0.255775
-0.016293
-0.044829
-0.034384
-0.159589
0.051188
0.030718
-0.062926
-0.058971
0.019713
0.097979
0.058429
-0.035606
-0.037299
0.131718
0.140715
0.023921
-0.037019
-0.082954
0.017170
0.088989
-0.074557
0.154062
0.088917
-0.049189
-0.082512
0.081590
-0.057055
-0.028576
0.053564
0.006028
-0.024308
-0.127228
-0.158679
-0.045268
-0.137310
-0.161544
-0.072752
0.214932
-0.029698
0.100865
-0.065752
-0.088640
-0.173287
0.168220
-0.047307
-0.271303
0.161677
-0.429026
-0.102890
0.042047
0.279820
-0.024075
-0.048482
0.331281
-0.011914
-0.065807
-0.047949
0.144643
0.021281
-0.056703
0.039608
0.100970
0.014168
-0.018403
-0.080422
-0.069196
-0.225457
0.023492
0.013367
0.002617
-0.073744
-0.012984
-0.070794
0.064761
0.026654
0.045529
0.017216
0.152049
-0.106871
0.002772
-0.096779
0.100311
-0.012046
0.021034
-0.007370
-0.029831
-0.196027
-0.186268
-0.055582
-0.013516
-0.051492
-0.022780
0.028996
-0.026929
0.059575
-0.075767
0.013045
0.064262
-0.132384
0.085830
-0.139433
0.081577
-0.062714
-0.158468
0.287891
-0.002672
-0.028627
-0.075421
-0.081863
-0.317491
-0.020382
-0.092152
-0.217825
-0.087585
-0.108100
-0.044290
-0.055212
0.001463
-0.065060
-0.315909
-0.035749
0.030522
-0.076165
0.078911
-0.094593
-0.133080
-0.073631
-0.045742
0.021481
0.101278
-0.210441
-0.082483
0.063433
-0.055087
-0.063679
-0.118694
-0.037472
-0.231135
-0.057296
-0.057955
-0.012528
-0.061203
0.038465
-0.394382
-0.185726
-0.040070
0.057503
0.069385
-0.287029
-0.042650
0.144903
0.034334
-0.035919
-0.052002
-0.135166
-0.047783
-0.124039
-0.102067
-0.129736
0.008209
-0.257125
-0.072344
-0.041300
-0.157697
-0.045619
-0.082976
-0.148787
0.010018
-0.389145
-0.070781
-0.131020
-0.091911
-0.042281
-0.011652
0.073576
-0.175339
-0.039561
-0.079036
0.137761
-0.097614
-0.056630
0.130242
-0.242965
0.036388
-0.053907
-0.049309
0.168951
-0.249864
-0.079053
-0.005042
0.031339
-0.008667
-0.139161
-0.105237
-0.029215
-0.013343
-0.031478
-0.088889
-0.157206
-0.066277
-0.109682
-0.360848
-0.144693
-0.001825
0.020744
-0.113503
-0.028989
0.158825
-0.059069
-0.028620
0.008011
0.162876
0.098639
-0.074598
0.056525
0.001490
0.055574
0.020009
-0.196566
-0.049180
-0.007473
-0.018576
0.082123
-0.174742
0.040841
0.050228
0.088870
0.171746
-0.014798
0.120599
-0.015105
-0.123788
0.235361
0.031472
0.115947
0.038201
-0.086037
0.202017
-0.044770
0.215454
-0.026477
-0.083839
-0.348364
-0.037015
0.032752
-0.031596
0.125030
-0.060966
0.019238
0.037599
-0.101568
0.141286
-0.158557
-0.181775
0.009102
-0.009512
0.074564
0.052740
-0.008842
-0.095198
-0.004601
0.005909
-0.115485
-0.016742
0.003800
-0.061689
0.092483
-0.073674
0.014352
-0.224920
0.111830
-0.168630
-0.220252
-0.067192
0.024723
-0.229111
0.001871
0.003468
0.004988
0.001094
0.001585
0.024555
0.138932
-0.119841
-0.031345
0.008311
-0.091828
0.052021
0.050098
-0.151851
-0.073273
-0.072374
-0.049209
-0.256863
-0.002340
-0.038356
0.004627
-0.139012
0.174630
-0.138642
0.010630
-0.067896
-0.053329
-0.010808
0.164987
0.029622
0.051134
-0.078804
0.028973
-0.086536
-0.067253
0.089875
0.041702
-0.113903
0.116069
0.126375
0.145733
-0.027186
0.070197
-0.106039
-0.026427
-0.059176
-0.048959
0.095681
-0.038649
-0.107791
0.258087
-0.004988
-0.087886
0.056097
0.092523
0.050177
-0.045161
0.081536
-0.060453
-0.036336
-0.001058
0.266661
0.052213
-0.189028
-0.228127
-0.149132
-0.075122
0.008441
-0.058213
0.000492
0.071962
-0.092806
-0.004000
-0.018582
-0.042027
-0.054582
-0.086627
-0.178592
-0.036839
-0.178140
0.006916
-0.331392
-0.030008
-0.024899
-0.586139
-0.084944
0.013591
-0.160135
0.036397
0.080986
0.242659
0.117857
0.270734
-0.033052
-0.019267
-0.096274
-0.023814
-0.173816
-0.147461
-0.003633
0.045860
-0.234718
0.113942
-0.202689
-0.038280
0.022100
-0.007794
0.075650
-0.040565
-0.064300
0.136614
-0.039372
0.014031
-0.028597
0.290521
0.021979
-0.076698
0.115498
-0.055972
0.021606
-0.036142
-0.066152
0.084423
0.255552
0.074711
0.061764
-0.034625
0.019875
0.022978
-0.094463
0.017499
-0.036877
-0.048319
-0.021305
-0.066296
-0.076566
0.010070
-0.035065
-0.004418
-0.012063
-0.006073
-0.009124
-0.084451
-0.009077
-0.028428
-0.019066
-0.022471
-0.263818
0.069871
-0.047789
-0.162823
-0.032092
-0.059354
-0.089796
0.001746
-0.189333
-0.051764
-0.021942
0.061073
-0.001510
-0.161709
0.017415
0.008919
0.007550
-0.065936
0.027085
0.006108
-0.086108
-0.066483
0.024145
-0.037547
-0.113707
-0.070573
-0.011016
-0.110906
0.105292
0.012552
-0.077078
-0.057617
-0.083951
0.043720
-0.031727
0.019796
0.084760
-0.069033
-0.159687
-0.112962
-0.020020
-0.026118
0.021122
-0.030542
0.145743
-0.157889
-0.002905
-0.074088
0.023172
0.031777
-0.136087
0.038404
0.019639
-0.039534
-0.071127
0.005379
-0.107869
-0.151558
0.004836
0.063651
-0.041873
0.004519
0.361317
-0.038096
-0.051894
-0.373236
0.025285
-0.102533
0.216453
0.056824
0.036757
0.022509
0.073921
-0.176357
-0.082733
-0.076805
-0.048311
-0.007496
-0.072346
-0.082909
0.017709
-0.028619
-0.088955
-0.450227
-0.186745
-0.032888
0.032668
-0.119631
0.057232
-0.093038
-0.052593
-0.010057
0.033081
0.100810
-0.024680
-0.138750
-0.059624
-0.051124
-0.046670
-0.071992
-0.039645
0.009175
-0.144001
0.052169
0.150598
-0.179226
-0.199324
-0.136014
-0.001516
-0.033521
-0.072493
-0.026420
-0.010043
-0.002942
0.051205
-0.059240
-0.084639
0.011362
-0.007017
-0.033603
-0.039789
-0.077778
0.000940
-0.037739
-0.001137
-0.020620
-0.105443
-0.018185
-0.123387
0.088117
-0.021022
-0.146194
-0.001116
0.009646
-0.028221
0.052948
-0.050315
-0.045707
-0.036418
0.040423
-0.029208
0.437028
-0.025800
-0.045899
-0.045721
0.082460
-0.006959
0.067269
0.011993
-0.021549
0.016758
0.019519
0.184196
0.025706
-0.022340
-0.002817
0.036344
-0.033983
0.057355
0.048442
0.013962
0.003450
0.003959
0.166290
0.016471
0.032251
-0.056766
-0.155865
0.017146
-0.005832
0.017037
-0.031783
-0.127302
0.263792
0.241555
-0.072149
-0.089236
0.018523
-0.014727
-0.034426
0.162042
0.111446
-0.132863
0.208148
0.009871
0.135565
0.267090
-0.084022
0.250719
-0.031559
-0.061253
-0.046991
0.103010
0.048360
0.155022
0.137277
-0.122341
-0.038735
-0.069782
-0.209094
-0.074688
0.224360
-0.085691
-0.224820
0.043532
-0.052503
-0.144261
0.190793
-0.005992
-0.185633
-0.262532
0.113261
0.086332
0.046488
-0.152660
-0.117165
-0.081882
0.064572
0.184765
0.009416
-0.102743
0.062252
-0.012310
0.362527
-0.064160
0.226301
-0.116231
-0.066853
0.000867
-0.018911
0.104060
-0.017702
-0.286049
-0.128688
0.118568
0.014596
-0.051728
0.143737
0.031330
-0.149507
0.085762
-0.109395
-0.043426
0.091349
-0.076469
0.191316
-0.085437
0.149705
-0.020234
-0.248174
-0.028717
-0.092801
0.086012
0.050861
-0.173843
-0.131717
-0.020055
0.056640
0.105598
-0.020570
0.098005
-0.109004
-0.038429
0.021239
0.029329
0.074540
0.241466
-0.009836
0.021030
0.005349
0.061610
-0.150553
-0.034060
-0.147013
-0.141359
-0.041228
0.065511
-0.003059
-0.127664
-0.014774
0.013059
-0.032889
0.127317
-0.057270
-0.032300
-0.007660
-0.136004
0.009160
-0.004438
-0.019283
0.000911
0.054677
-0.016959
-0.051761
-0.067547
0.010638
0.022897
-0.036842
-0.015907
-0.079084
-0.234654
0.005035
0.114517
-0.077646
0.115647
-0.126305
-0.068860
0.006094
0.047014
-0.016517
-0.074591
0.085732
0.041059
0.072871
0.357181
-0.052301
0.202980
0.040077
-0.069422
-0.054293
-0.073551
-0.188940
-0.184303
-0.056298
-0.120090
-0.071618
0.015755
-0.001677
-0.040709
-0.028752
0.043004
-0.063441
-0.037775
-0.009938
-0.224803
-0.288298
-0.206638
-0.090200
-0.238759
0.040548
-0.228995
-0.015267
-0.145867
-0.037188
0.006344
-0.087928
-0.124304
-0.045493
-0.096685
-0.025373
-0.061053
-0.082936
-0.045620
-0.151853
-0.130243
-0.152173
-0.022862
-0.075858
0.040938
0.050881
0.034892
-0.074385
-0.023259
0.035305
0.002623
-0.397760
-0.091987
-0.011430
-0.127109
0.004090
0.001509
-0.098500
-0.109246
0.094625
-0.156234
-0.076714
0.043467
0.042241
-0.110106
0.015365
0.045983
0.104204
0.095052
0.024869
0.027179
-0.176745
-0.137204
0.037273
-0.156145
0.011364
-0.011910
0.000226
-0.080761
-0.167484
-0.233895
-0.080142
-0.084479
0.012156
-0.116748
-0.003722
0.000743
0.234198
-0.038681
-0.018990
-0.082109
0.012757
0.016503
0.005895
0.043076
0.037182
-0.002511
-0.030965
-0.022522
-0.050208
-0.005063
0.082708
0.009142
-0.139031
-0.080757
-0.126800
0.010478
0.016282
0.055693
0.005744
-0.067337
-0.024587
-0.004562
-0.025875
0.018713
0.080968
-0.144308
-0.076107
-0.136086
0.038818
-0.052587
0.012709
-0.198895
-0.042980
0.372437
-0.215515
-0.008706
-0.041734
0.165957
-0.039267
-0.244343
0.054797
-0.017719
0.212551
0.052722
-0.074973
-0.059167
0.054871
-0.055702
-0.027459
-0.140582
-0.140322
-0.089974
-0.039257
0.181371
-0.109944
-0.100341
-0.014117
0.080492
0.306523
0.222492
-0.195408
0.046126
-0.100001
0.090878
-0.022196
-0.015530
-0.058386
-0.014625
-0.070714
0.073398
-0.020767
-0.065091
-0.007889
0.061180
0.109325
-0.119700
-0.115099
-0.158636
-0.048210
0.009325
-0.029677
-0.010673
-0.046596
0.091519
-0.088623
-0.073045
-0.129457
-0.138431
0.054109
-0.069397
-0.062002
-0.177454
-0.029120
-0.051020
-0.079344
-0.126770
-0.033986
0.063097
0.087333
-0.040717
-0.048623
-0.246193
-0.128031
0.009928
0.142330
-0.150121
0.018064
-0.099680
0.411097
-0.163475
0.106021
0.058953
-0.013769
-0.141463
0.097868
-0.121705
-0.034256
-0.038190
-0.027909
-0.051983
-0.004281
-0.010923
0.203501
0.072604
-0.086401
-0.063636
-0.039454
0.146561
0.033560
-0.024251
0.014885
-0.006377
-0.011231
0.020761
-0.068653
0.025914
-0.260332
-0.096793
-0.087776
-0.127103
-0.137138
0.028411
0.099217
-0.010280
-0.011445
-0.053066
-0.066091
-0.247232
-0.058292
-0.007502
0.011544
-0.043713
-0.000775
0.120279
-0.019573
-0.093028
0.085964
-0.020677
-0.061200
0.049670
0.034182
0.006713
-0.051641
0.072941
-0.008960
0.006488
-0.007149
0.038894
-0.058836
0.085525
0.048519
0.056394
0.036445
0.002317
-0.075650
0.070324
-0.072652
0.031438
0.007302
0.017816
0.024502
-0.095097
-0.011930
-0.014827
-0.012523
-0.019138
-0.035191
0.049767
0.062755
0.058562
-0.044196
-0.064257
0.097900
0.012855
-0.250868
0.426021
-0.096649
-0.054461
-0.076730
-0.301939
-0.012197
0.004524
-0.055927
0.013463
-0.040118
0.021959
0.020444
-0.032747
0.053630
0.068303
0.024783
0.052469
-0.030556
-0.104731
-0.031071
-0.349997
-0.063071
0.034872
0.084177
-0.030537
0.055137
0.065584
-0.065895
0.012037
-0.023461
-0.000234
-0.015735
0.176502
0.089241
-0.058050
-0.073728
0.113605
-0.065870
-0.148938
0.023471
0.193456
0.044116
-0.023171
0.144635
-0.044238
-0.027147
0.056070
-0.013475
-0.339940
0.076755
-0.002194
0.167213
0.022635
0.046546
-0.072242
-0.020183
-0.083885
-0.003417
-0.015702
0.231909
0.085106
0.106220
-0.111843
-0.032675
-0.074420
-0.103539
0.059155
-0.014322
-0.094109
-0.068706
-0.019812
0.191902
0.033299
-0.008009
-0.056234
-0.005612
0.068601
0.039298
0.050216
0.007689
-0.142499
-0.046763
0.122517
0.033891
-0.201020
-0.048242
-0.068732
-0.115629
-0.126379
-0.002853
-0.016297
-0.080491
0.076089
-0.060719
-0.035592
-0.021913
0.048376
-0.125800
0.028345
-0.013665
-0.079679
-0.154560
-0.157157
-0.062604
-0.045335
-0.078872
0.030920
0.024556
-0.125248
0.002596
-0.052912
-0.023901
-0.079120
-0.106420
-0.071000
-0.120594
-0.158254
-0.021719
0.065924
-0.144607
-0.134367
-0.090429
-0.003478
-0.089267
-0.081313
0.023227
0.142571
-0.060038
0.026562
-0.059171
-0.078250
0.055971
0.004047
-0.045504
-0.014839
-0.108680
0.019825
0.027318
-0.165874
0.084015
-0.096758
-0.027137
-0.050253
0.068279
-0.030399
-0.144464
-0.043194
-0.225711
-0.082113
-0.114683
-0.097827
0.123878
0.044665
0.043376
0.000502
-0.083040
-0.081649
-0.048780
-0.031830
0.003358
0.023015
0.076261
0.038965
0.028895
0.105076
0.119808
-0.007499
0.014807
0.123852
-0.044270
0.004361
0.043646
-0.039101
-0.011565
0.112248
-0.104255
-0.001155
0.003669
-0.012045
0.066721
-0.044095
-0.024995
-0.022495
0.095956
0.068068
-0.004835
-0.022606
0.068394
-0.127981
-0.042944
-0.015360
-0.034117
-0.003102
-0.029193
0.089750
-0.108462
-0.060975
0.063631
-0.044406
0.064110
-0.055796
0.015269
-0.003211
-0.152319
-0.014892
-0.023196
0.006630
0.007475
-0.080334
-0.044128
0.044998
-0.021887
0.079848
0.053635
-0.046123
0.167347
-0.042286
0.002815
-0.116851
-0.187759
0.149665
0.046831
-0.027617
0.021517
0.001175
-0.148539
-0.066934
-0.172466
-0.096657
-0.045016
0.038380
0.018704
0.002514
0.026773
0.019930
-0.075336
0.190462
0.047694
-0.070422
0.022166
0.279635
-0.210097
0.009880
-0.290460
0.001639
0.053248
0.215800
0.006779
0.019930
-0.012092
0.136001
-0.291934
-0.019690
-0.147741
0.307990
-0.042501
-0.049831
0.090539
-0.033102
-0.123268
-0.026744
-0.027050
0.022999
-0.214174
-0.036648
-0.017930
0.017807
0.018146
-0.107056
0.017275
0.085727
0.006389
0.050439
-0.115752
-0.108191
-0.042063
0.161819
0.007239
0.032735
-0.047543
-0.006144
0.006236
0.024032
0.018694
0.105165
0.071453
-0.025978
-0.001881
0.105301
-0.027146
-0.062320
0.055734
0.043559
-0.054471
0.217068
0.010648
-0.117741
0.008639
-0.092645
-0.068238
-0.090316
0.035576
0.078225
-0.062306
-0.033409
0.101228
-0.037369
0.057690
0.080862
0.069883
-0.081301
0.123231
0.066123
0.005411
-0.005623
-0.014720
0.050626
0.008536
-0.058665
0.095277
-0.190656
-0.005291
0.005298
0.186774
0.104472
-0.047551
0.012509
-0.124950
-0.082452
-0.029208
-0.020471
0.071116
0.008283
-0.036904
-0.091088
-0.056979
0.026762
-0.039698
-0.009785
-0.028268
0.334708
-0.223385
0.016880
-0.071052
0.147396
0.117729
0.104452
0.070980
-0.160643
0.002584
0.045163
-0.194256
0.019239
0.131047
-0.127632
0.127902
0.204862
0.029205
0.186078
-0.031337
-0.122885
0.014422
-0.126289
-0.034870
-0.110838
0.006694
0.041663
0.074676
0.005634
0.016637
-0.054927
-0.036331
-0.057879
0.023208
-0.137484
0.112911
-0.054881
0.134885
-0.171024
0.016622
0.047515
-0.024569
-0.180029
-0.005409
0.043356
-0.057187
0.082105
0.050546
-0.038373
-0.043747
-0.100512
-0.069736
0.160591
0.049834
0.054962
-0.114110
0.029130
0.023680
-0.099384
0.045917
0.058438
0.071358
-0.032316
0.123238
0.023479
0.026679
-0.140624
-0.019676
-0.082560
0.014552
-0.053869
-0.035675
0.029939
-0.036093
-0.011719
0.065901
0.056217
-0.027572
0.022713
-0.030384
-0.039097
-0.028912
0.031311
0.030937
0.023645
0.000864
-0.014144
0.086898
0.038405
-0.014333
-0.042579
0.021062
-0.103825
-0.044732
-0.010339
0.070635
0.029391
0.107392
-0.051339
-0.007408
-0.012372
-0.018192
0.115292
-0.024643
0.061933
-0.121529
-0.054395
0.358057
-0.185368
-0.002576
-0.014259
0.038195
0.215900
-0.015549
0.037951
0.170545
-0.007074
-0.089058
0.010740
0.030148
0.006458
-0.452318
-0.011567
-0.026748
-0.007580
-0.024156
0.287388
-0.021216
-0.017126
-0.091692
0.183181
-0.030176
0.047470
0.041327
-0.122366
-0.029086
-0.017509
-0.024209
0.060943
-0.023307
-0.056256
0.039927
0.054027
-0.242846
-0.196502
0.062687
-0.182468
0.045317
0.026757
0.049032
-0.012233
-0.009221
0.302806
0.046665
-0.271933
0.054947
0.052501
-0.234903
-0.056685
-0.036832
-0.011216
-0.020705
-0.092080
0.026360
0.091737
0.033208
-0.163319
0.216092
0.025556
-0.058992
0.062497
0.016361
0.010746
-0.077032
0.025207
-0.016111
0.020424
0.169026
0.030319
0.085720
0.024864
0.018655
0.051024
-0.041771
-0.060415
-0.021122
0.275488
-0.013908
-0.003287
-0.125398
0.025258
0.108339
-0.015573
-0.008143
-0.049192
-0.009497
-0.042018
0.023050
0.016397
-0.015679
0.024684
0.009013
-0.009930
-0.049841
0.008350
0.023732
-0.003010
0.031279
0.011299
-0.036154
0.026950
0.059732
0.023423
-0.014890
-0.068534
0.236464
-0.033330
-0.050825
0.044103
-0.018336
-0.043998
0.027769
-0.027428
0.021358
-0.016886
-0.434814
-0.018066
0.066899
0.007674
0.055965
-0.003125
0.058468
0.054716
-0.011230
-0.002090
0.158635
-0.010774
0.010562
0.052821
0.026306
0.128678
0.050002
-0.090101
0.056793
0.017184
0.082363
0.036686
0.094440
0.002730
-0.024259
0.048554
0.024151
-0.008165
-0.040480
-0.009869
0.038984
0.055914
0.147072
-0.001076
-0.115636
-0.092457
-0.143094
-0.130109
-0.022630
0.107502
-0.036253
-0.053805
0.159360
0.038841
-0.216197
0.174666
0.088520
-0.138347
0.028809
0.044824
0.021547
-0.079369
-0.061259
0.156115
0.025206
-0.194363
0.035836
-0.008819
0.033648
-0.045995
0.078476
-0.020273
-0.048996
-0.015278
0.024174
-0.045492
-0.121370
0.079828
-0.258605
-0.008872
-0.017189
-0.149537
0.086788
0.080460
-0.098220
0.090704
0.036768
-0.217250
0.134103
0.000355
-0.064669
0.055241
-0.213090
-0.155773
-0.132312
-0.051655
-0.019260
0.012795
-0.019000
-0.187977
0.044617
-0.030576
-0.017152
-0.055908
-0.139398
-0.002867
0.274569
0.092330
-0.085400
0.148439
0.088256
-0.171411
-0.053826
0.089092
-0.126232
-0.371441
0.109028
0.020620
-0.013949
0.046671
0.052246
0.154021
0.021311
0.102177
0.169811
-0.015498
-0.145967
0.096183
0.069013
0.027216
-0.015181
-0.025811
-0.254408
0.057348
-0.049421
0.064549
0.047787
-0.218909
-0.003075
0.085962
0.102498
0.000461
-0.175034
0.021304
-0.095369
-0.255217
0.009839
0.145090
0.006765
0.070179
0.181628
-0.068244
0.080158
0.009511
0.018413
-0.088254
-0.088318
0.130768
0.244638
-0.078742
-0.180243
-0.019676
-0.036857
0.010855
-0.041171
-0.003240
-0.058060
0.026975
-0.298750
0.024561
0.025553
0.125390
-0.056586
0.085273
0.123617
-0.225042
-0.073958
-0.172005
-0.349866
-0.091918
0.269192
0.022768
-0.018998
-0.067582
-0.030610
-0.251839
0.049880
0.003156
-0.024919
-0.067912
0.073799
-0.074665
0.024268
-0.057571
0.035237
-0.053583
0.016068
-0.020809
0.020662
0.314432
-0.054793
-0.013753
-0.000902
-0.078217
0.026696
-0.219876
0.092150
0.068263
0.064062
-0.176091
-0.023146
0.043726
-0.031702
0.070236
-0.179448
0.146051
0.021391
-0.002770
0.095933
0.208059
-0.016928
-0.043556
-0.067798
-0.070064
0.057975
0.004869
0.007041
-0.061311
-0.053439
-0.081117
-0.015054
-0.045088
0.120187
-0.040143
-0.242546
-0.089619
-0.015076
-0.020366
-0.053509
0.207910
-0.026859
-0.113622
0.092922
0.117836
-0.094824
0.031489
-0.024735
-0.010007
-0.024071
-0.076619
0.085125
0.097948
-0.126418
-0.000482
0.265235
-0.043050
0.100901
-0.164463
0.060045
-0.012266
0.273461
-0.080287
-0.030034
-0.177619
-0.010250
0.021071
-0.042066
-0.100377
-0.017061
-0.021028
0.245125
-0.007716
-0.034572
0.177648
0.045441
-0.053208
-0.031904
0.017884
-0.090335
-0.017937
0.004581
-0.008067
0.060045
0.118168
0.017079
0.024294
-0.238691
-0.073741
0.043294
0.003472
-0.027628
-0.054421
0.154911
-0.030557
0.011742
-0.027134
0.116348
0.033755
-0.000398
-0.008264
-0.057356
-0.049527
-0.203824
0.067391
-0.059161
0.075047
0.298952
0.120638
-0.300169
0.000474
0.083497
0.025964
-0.050846
0.173531
0.050282
-0.037054
0.129493
0.001554
-0.097731
-0.075075
0.000940
-0.031073
-0.014792
-0.002427
0.027775
-0.039712
0.044683
-0.034032
-0.022827
-0.062728
0.007505
0.160775
-0.100560
0.183291
-0.195312
-0.181354
-0.023498
0.091660
0.064875
0.091366
-0.003649
0.026791
0.136278
-0.115715
-0.016149
-0.024541
-0.022855
-0.316095
-0.061170
0.017603
-0.042079
-0.097299
-0.241620
-0.007023
0.006006
-0.058400
0.012298
-0.004442
-0.078152
-0.064285
0.012849
-0.027911
-0.042762
0.009344
-0.098691
-0.283295
0.001690
-0.128670
-0.056452
0.097108
-0.021515
-0.003020
0.052701
0.019814
-0.098789
-0.066675
0.069287
-0.024497
0.116875
0.041872
0.115141
0.010702
-0.091952
-0.026896
-0.148262
0.076882
-0.044109
0.055978
-0.014659
-0.090485
0.002283
-0.000036
-0.048749
0.073832
0.029418
0.070834
-0.023970
-0.025132
-0.082938
0.131336
-0.069704
-0.020148
0.051225
-0.041748
-0.003053
-0.084185
0.000219
-0.012312
-0.005459
-0.049062
-0.192221
0.009123
0.009259
-0.107541
0.142333
-0.021119
0.163681
-0.060294
0.005191
0.045963
-0.043704
0.031370
-0.049219
0.046014
-0.222681
0.028763
-0.029079
0.039875
0.028469
-0.105683
-0.009817
0.009000
0.137381
0.001599
-0.046206
0.013431
-0.015970
0.004274
-0.022683
-0.069456
-0.033661
-0.034342
-0.076397
-0.061635
-0.001664
-0.152273
-0.103210
-0.050937
0.034702
-0.049130
0.042962
-0.050683
-0.016107
0.031889
0.004187
0.024362
-0.006506
-0.003248
-0.000458
0.001559
-0.017241
0.018540
0.031876
-0.079385
-0.035131
0.066633
-0.069991
-0.073889
-0.153458
-0.175192
0.021689
-0.051628
0.147584
0.350644
-0.084579
0.020154
-0.005926
-0.053263
-0.050260
0.018177
0.026057
0.015540
0.051958
-0.090474
-0.100760
-0.008346
0.105839
0.023780
0.014994
-0.062555
0.012627
0.110951
0.254146
-0.052469
0.105764
0.104736
-0.150187
0.035140
-0.079039
0.026289
-0.029759
-0.020525
0.034244
-0.066854
0.199915
-0.146804
-0.031680
-0.117176
0.027241
-0.189419
0.043064
0.019076
-0.012137
0.162861
-0.017792
-0.236485
-0.052192
0.105212
-0.235290
0.054748
-0.064095
0.031843
0.056177
-0.155446
-0.068671
0.081802
0.102067
-0.027633
0.010105
-0.011991
-0.209925
-0.017828
-0.032882
0.023008
0.085477
0.009915
0.138174
0.075665
-0.149645
0.014686
0.197567
-0.022553
0.027282
-0.030360
-0.005900
0.159469
-0.044820
-0.180732
-0.042559
0.028526
0.057712
-0.025253
0.018080
-0.048115
0.024998
0.079183
0.018442
-0.142365
-0.072554
-0.001620
0.065961
-0.026227
0.009298
0.076006
0.024047
-0.107615
-0.009583
-0.043849
-0.010308
0.063856
-0.134717
-0.052030
-0.049754
0.077557
-0.096207
-0.033372
0.017615
-0.022325
0.044779
-0.196386
0.004243
-0.029809
-0.057083
-0.135210
-0.028615
-0.059714
0.003346
-0.059519
-0.090165
0.081755
-0.031832
-0.078721
-0.088312
0.042609
-0.077851
-0.018603
-0.041660
-0.016605
-0.032064
-0.033574
0.069037
-0.014322
-0.005349
-0.080614
-0.023796
0.005628
-0.025150
-0.067400
-0.070184
-0.038970
-0.002043
0.010690
-0.008642
0.086644
-0.220219
0.032395
0.120353
-0.052896
0.002022
-0.016552
0.079478
0.077531
-0.038555
0.039115
-0.048415
-0.013364
-0.062975
0.094997
-0.062220
-0.062822
0.082834
0.130395
-0.019284
-0.075384
0.117159
-0.016390
0.011012
-0.088070
-0.116780
0.022150
-0.040951
-0.008826
0.067389
0.030308
-0.019658
0.150097
0.048874
0.037638
-0.113412
0.036995
0.013399
-0.078248
0.050447
0.110048
-0.018838
-0.037984
0.112730
0.020934
-0.112363
0.041821
-0.012539
-0.035856
-0.043930
0.096702
0.111283
0.018323
0.175349
-0.016381
0.110871
-0.119691
-0.004896
0.171980
0.099167
-0.018324
-0.018739
0.020573
-0.111421
-0.078482
0.032102
-0.008488
-0.055661
0.035178
-0.053116
-0.176136
-0.062760
-0.007457
-0.053759
-0.036317
0.300031
-0.069966
0.036361
-0.001736
0.045409
-0.080272
-0.023187
-0.003541
-0.038533
0.142573
-0.066964
-0.045541
0.002819
0.052085
-0.001413
-0.055700
0.071377
-0.080249
-0.023605
0.175987
0.032735
-0.014602
0.055198
0.055324
0.036721
-0.047922
0.014472
-0.000966
-0.103382
-0.006754
0.022345
0.075864
-0.091193
0.037516
0.053514
-0.040881
0.007483
-0.028183
-0.026638
-0.044283
0.010145
0.125414
0.022797
-0.040172
0.009159
0.053787
-0.053047
0.099245
-0.027201
-0.161180
-0.001465
0.051439
0.018465
0.132135
-0.113267
0.077167
-0.037417
0.085447
-0.046819
-0.036437
0.093625
-0.014285
0.105011
-0.064865
0.027325
-0.044390
0.005969
-0.011203
-0.136849
-0.012033
-0.043446
0.043312
0.006028
-0.069913
-0.083633
0.026097
-0.038720
0.048009
-0.003999
0.059068
0.002022
0.002695
0.052786
-0.061138
0.006299
-0.069829
0.009640
-0.040230
0.019448
-0.115481
0.049942
-0.033200
0.022840
0.049791
0.043309
-0.034524
0.023865
-0.019778
-0.027863
-0.005087
0.042793
-0.020039
-0.043932
0.109247
-0.023205
-0.112711
0.004964
0.021067
-0.171127
-0.054849
0.069800
0.003866
-0.189569
0.023962
-0.041070
0.019853
-0.077104
0.126182
-0.070478
-0.065672
0.056782
0.166027
0.081984
-0.202095
-0.115707
0.105405
0.103789
0.079811
-0.141495
0.033334
-0.076403
-0.017981
-0.128464
0.008674
0.005660
0.120625
-0.143734
-0.160501
0.030328
0.167268
0.006574
0.133668
0.172307
-0.015434
-0.065424
-0.095819
-0.058382
0.087404
-0.052682
-0.099237
0.118284
0.026105
-0.055998
0.132501
0.011385
0.022319
0.206117
-0.069087
-0.050420
0.113532
0.032622
-0.056127
0.149705
0.033345
0.002325
-0.017501
-0.031143
0.122647
-0.122267
0.093994
0.023638
0.147237
-0.198131
-0.140367
0.051683
-0.002591
0.103335
0.048741
-0.013103
0.145617
-0.110730
-0.289251
0.030537
0.022829
-0.035568
-0.020963
-0.041449
-0.105677
0.038099
-0.054316
0.031001
-0.014599
0.027807
-0.033865
-0.009400
0.003905
0.012777
-0.022985
-0.026017
-0.057200
0.181967
0.016875
0.003309
-0.040042
-0.000357
0.179623
-0.040221
0.054114
-0.009136
-0.006698
0.031841
-0.149172
0.017886
-0.067265
0.041600
0.034188
-0.041231
-0.021513
0.095096
-0.019834
-0.028796
-0.000041
0.011930
-0.068800
0.002417
0.027785
0.038893
0.079172
0.203938
-0.089300
0.005373
0.010417
0.055242
-0.317622
-0.012124
-0.013487
0.046464
0.084632
-0.029178
0.041241
0.094821
-0.016043
0.279853
0.162723
0.030215
0.048383
-0.012159
-0.176534
0.022080
-0.091670
0.034314
0.070947
-0.116128
0.040964
0.043048
-0.106376
0.062051
0.097749
-0.061385
0.069205
-0.016807
-0.015492
0.080597
0.006740
0.151892
-0.033615
0.092800
-0.073100
0.027265
0.037716
0.062270
0.001516
0.040039
0.100227
0.094727
0.073809
-0.023431
-0.261475
-0.062550
0.062069
0.116784
0.024242
0.000567
0.012853
0.026150
0.073662
0.024085
0.059264
-0.265642
-0.040593
0.100416
-0.007160
0.002493
-0.045312
-0.023510
0.031339
0.034996
0.005897
0.065488
-0.010075
0.185444
-0.072356
0.058335
0.043802
-0.038567
0.101832
0.014755
-0.174725
0.047045
0.011127
-0.053632
0.008570
-0.036381
0.070220
0.002637
-0.085816
0.001396
-0.004613
-0.003502
0.033513
-0.064272
-0.056975
-0.005468
0.006950
-0.056718
0.014076
0.042987
0.005394
0.003571
0.013316
-0.025566
0.021164
-0.011297
0.097580
-0.004356
-0.121174
-0.106489
0.003496
0.001411
-0.072205
-0.021268
-0.024741
-0.002959
0.041245
-0.049681
0.030124
-0.242481
0.028146
0.007073
0.073288
-0.072264
0.048847
0.024285
-0.051600
-0.009682
-0.016779
0.033253
0.018892
-0.014267
-0.011407
-0.012295
-0.132546
-0.047764
0.062681
-0.047696
-0.018744
-0.109873
0.003403
-0.146495
-0.005526
-0.140323
0.024080
-0.069529
0.036626
-0.023616
-0.025123
-0.003285
0.060442
-0.096835
0.142825
0.081312
-0.077829
-0.127561
-0.090491
0.093364
0.101923
-0.035171
0.097182
0.243069
-0.001029
-0.038198
-0.092956
-0.064362
0.191965
0.050961
0.066295
0.020825
0.038557
0.002111
0.104555
-0.057457
-0.017819
0.108843
-0.063379
0.019509
0.018376
0.090859
-0.007222
0.113569
-0.164228
0.022380
-0.022342
-0.135613
-0.041821
0.188354
-0.014335
0.049266
-0.067880
0.046815
-0.088028
0.030294
-0.005910
-0.153767
-0.127703
-0.080750
0.035335
0.063090
-0.194850
-0.184997
0.309819
-0.050192
0.115760
0.056398
-0.026097
0.066021
0.104801
-0.056118
0.192514
0.003428
0.061990
0.040118
0.072817
-0.074944
0.043204
-0.022537
0.106135
-0.121142
-0.190404
0.036494
-0.049631
-0.019072
-0.006993
0.049893
-0.046305
0.044241
-0.060119
0.024522
0.019475
0.012073
0.046649
-0.275930
0.021993
-0.050671
0.094324
-0.071577
-0.034244
-0.216455
-0.041945
-0.141151
-0.062974
-0.004203
-0.019621
0.036256
0.290957
0.029328
-0.054074
0.167481
0.066605
0.189643
0.041902
-0.047737
0.019264
-0.117221
0.013684
-0.004110
0.021074
-0.124428
-0.121292
0.050187
0.029369
0.157892
0.168997
-0.017183
-0.165712
-0.158483
-0.004971
0.120060
0.060187
0.006502
0.020396
-0.129670
-0.052556
-0.000623
0.062473
0.123051
0.106338
-0.006787
0.079210
-0.023289
0.088709
-0.053879
-0.115711
0.059367
0.092552
0.270258
0.048530
0.098374
-0.019700
0.030513
-0.131671
-0.019271
0.136205
0.040972
-0.004194
0.143010
0.056049
-0.063366
0.219259
-0.123580
0.025362
0.030335
0.070986
0.028824
-0.012794
0.050106
-0.187149
0.054712
0.140568
-0.016390
-0.034757
0.127911
-0.068174
0.004992
0.017093
-0.043662
-0.187572
-0.038840
-0.028407
0.012047
-0.039208
0.257010
0.114185
-0.040205
0.021150
-0.031095
-0.273930
0.097038
0.090636
0.110918
-0.020244
-0.054997
-0.004345
-0.017495
0.004717
-0.199823
-0.011978
-0.019114
0.010685
-0.030040
0.019698
0.099671
0.014446
0.091994
-0.038677
0.089021
0.224726
0.099323
0.017752
0.026487
0.014662
-0.064896
-0.058930
-0.021826
0.030692
0.003408
0.101228
0.073518
-0.079686
0.084276
-0.005142
0.044751
-0.228087
-0.012672
0.004276
0.185439
-0.028665
0.006478
0.038715
0.001701
-0.072693
-0.035629
-0.281043
-0.036753
0.000095
-0.140952
-0.007332
-0.181368
-0.009437
-0.007122
0.068748
-0.012618
0.012546
-0.012737
0.023590
0.195679
0.002707
0.031520
0.020276
-0.036673
-0.074649
-0.097574
0.009907
0.140841
0.019245
-0.056702
0.005451
-0.013687
-0.039748
0.008796
0.030924
-0.026228
-0.020199
-0.155209
-0.091011
-0.046709
0.000260
0.032958
0.081462
0.066634
0.101748
0.020154
-0.007545
-0.080432
0.025529
-0.170661
-0.015273
-0.004940
0.070798
0.004844
-0.133264
0.031033
0.017124
0.079479
0.069043
0.205856
0.000826
0.056686
0.063269
0.014095
-0.052412
-0.068861
-0.040769
0.123834
0.022833
0.031150
0.085878
-0.012465
0.002463
-0.192526
0.077107
0.138500
0.013827
0.018434
0.195775
-0.032910
-0.022138
0.016931
0.049087
-0.103760
-0.109697
0.046375
-0.000627
0.124251
0.171378
-0.103970
-0.041366
0.008858
0.106291
0.163474
-0.004552
0.035428
0.051779
0.218426
-0.187573
-0.021752
0.050857
0.007329
0.104120
0.039915
-0.061516
0.019470
-0.213849
0.021972
0.002994
-0.029062
-0.060579
-0.031467
0.060747
0.031781
-0.001605
0.033723
0.043452
0.035110
-0.086787
0.075237
0.001891
-0.026009
0.036142
-0.079145
0.060451
0.058806
-0.002281
-0.097065
-0.131983
-0.016351
0.053010
-0.000247
-0.007704
0.012906
0.039738
0.030185
-0.020209
-0.256382
-0.045975
0.101666
-0.027455
-0.040930
-0.014320
0.012787
0.014626
-0.033604
-0.025640
0.023570
0.053223
0.048722
0.005980
-0.103114
-0.051560
0.031569
0.061591
-0.047448
-0.048140
-0.092577
-0.020786
-0.028714
0.006088
0.008277
0.222522
-0.023073
-0.011365
0.103092
0.047357
0.024297
0.063055
-0.004586
-0.047416
-0.073158
0.077519
0.073327
0.115415
0.031411
0.004474
0.001856
-0.013239
-0.043893
-0.059625
0.028641
0.009111
-0.060254
-0.035099
0.004671
-0.005201
-0.024545
-0.015588
0.040528
-0.014052
0.043641
-0.017425
0.044807
0.032463
-0.055902
-0.020056
-0.016407
0.005229
-0.013294
0.034741
0.032259
-0.029430
-0.003820
-0.089048
-0.036866
0.090104
-0.044522
0.020160
-0.285650
0.059275
0.033846
0.063689
0.046693
0.044735
0.019160
-0.062703
0.080489
-0.010556
-0.001277
0.074679
0.056794
-0.017266
-0.157131
0.099772
-0.070050
-0.019045
0.046149
-0.164068
-0.056492
0.362230
0.079989
-0.082219
0.311423
0.023630
-0.102486
0.077865
-0.215265
0.025790
0.077064
0.008032
0.021999
0.106785
-0.141422
-0.030746
-0.087699
0.055447
-0.034652
0.125878
-0.017069
-0.086785
-0.016774
-0.004732
-0.069183
0.082793
-0.007915
-0.083442
-0.011318
0.225830
-0.138745
0.018502
-0.211889
0.037551
0.061498
-0.017300
0.065206
0.041379
0.052936
0.122815
0.242112
0.010115
-0.260962
0.070113
-0.055240
0.006299
0.087339
0.032294
-0.047622
0.054317
-0.058045
-0.031056
-0.188578
-0.061226
-0.067093
0.008848
-0.055415
0.071184
-0.039382
0.173734
-0.070757
0.068127
0.011161
0.100117
-0.012728
0.076331
-0.031423
-0.126706
0.014538
-0.149339
-0.017954
-0.078262
0.082002
0.095929
-0.122839
-0.016276
-0.076034
0.163713
0.012323
0.074120
-0.089582
-0.109933
-0.151022
0.115525
-0.013904
-0.007744
-0.135108
-0.119985
-0.031021
-0.070548
-0.026526
-0.078291
0.007046
-0.082999
-0.165310
-0.029430
0.007513
-0.029158
-0.014582
-0.131585
0.056166
-0.102718
-0.046282
-0.199310
-0.167858
0.036371
-0.151418
-0.168003
-0.020978
0.004164
-0.024196
-0.085888
-0.153235
-0.022637
-0.038868
0.047282
0.058289
-0.104016
-0.100262
-0.200310
-0.095181
-0.060900
-0.029393
0.051994
-0.007806
-0.025560
-0.157454
-0.044012
-0.109560
0.070681
0.110707
-0.088681
0.114975
0.005553
-0.159206
0.007717
-0.056974
-0.085057
0.079381
-0.039479
0.004085
0.074861
-0.164952
-0.017745
-0.003595
0.055232
0.092496
-0.005721
-0.097469
-0.021676
-0.008457
-0.022298
-0.121664
-0.080038
0.036039
0.137170
0.074124
0.123476
-0.017790
0.007974
-0.174529
-0.038225
-0.033060
-0.026445
-0.045140
-0.008664
-0.093909
0.042087
0.049282
0.028295
-0.183235
0.036775
-0.033997
-0.023290
-0.039333
0.027202
0.044732
0.016456
0.096229
-0.133749
-0.116262
0.103815
-0.040114
-0.019060
0.011938
-0.070875
-0.019215
0.012931
0.044425
-0.041032
-0.029048
-0.009489
0.004407
-0.112774
-0.078727
0.030230
-0.136321
-0.033107
0.004796
-0.077552
0.295273
0.166786
-0.074321
0.002613
-0.020645
0.028765
0.118859
0.024560
0.188940
-0.144079
-0.086534
0.071686
-0.005313
-0.026182
-0.009123
-0.062543
0.110387
0.036767
-0.069543
-0.065420
-0.085289
-0.087418
-0.068174
0.002621
0.168514
0.067383
0.028416
-0.155341
0.011131
-0.001760
0.014579
-0.138184
-0.289071
0.170839
0.119052
-0.208249
-0.018043
-0.007488
-0.057647
-0.021089
0.056696
-0.011280
-0.064506
0.021463
0.194232
-0.121720
0.047180
-0.008805
-0.047985
-0.096190
-0.028259
-0.153067
0.136075
-0.017305
-0.085950
-0.214113
-0.089515
-0.106318
0.057520
0.001383
0.093725
0.010536
-0.109704
0.016416
0.033755
0.008285
-0.028559
0.026196
0.073285
0.068817
0.060532
-0.092324
-0.081976
0.070474
-0.050677
-0.238714
-0.027692
0.144667
0.034410
0.040436
0.169520
-0.121899
0.013435
0.162305
-0.022122
-0.028076
0.104164
-0.001854
-0.020350
-0.084131
0.071801
0.120186
-0.147165
0.029135
0.011141
0.084001
-0.045549
0.037452
0.053406
0.044612
0.101620
-0.058821
-0.025833
-0.015148
-0.121494
-0.028254
0.047172
-0.143713
0.081749
-0.029558
-0.058683
-0.032710
-0.157933
0.010357
0.024133
-0.056663
-0.085126
0.007356
-0.035291
0.163475
-0.096599
-0.331231
0.156389
0.051962
-0.269641
0.194359
-0.080484
0.120954
-0.103155
-0.258179
0.033381
-0.051124
-0.127837
0.055021
-0.083549
-0.049666
-0.007090
0.173458
0.007128
-0.253377
0.005269
0.155095
0.107029
0.088133
-0.078782
-0.088199
0.075703
0.191193
0.101511
-0.092613
0.227510
0.046204
-0.041957
-0.104741
0.015043
0.107966
-0.072415
-0.030483
-0.077377
0.090793
-0.049990
-0.129643
0.228668
0.114189
-0.007297
0.014944
0.023111
0.044119
0.016829
-0.003874
0.081672
-0.161426
0.093609
0.205357
-0.101131
0.056840
0.084221
-0.012651
-0.058263
-0.089862
-0.018457
-0.010623
-0.003705
0.010962
-0.007499
-0.076900
-0.050393
-0.035313
0.035631
-0.063612
-0.039534
-0.015441
-0.099083
0.091774
-0.000600
0.040379
0.055714
0.032954
-0.003039
-0.003097
-0.092434
-0.041917
-0.012052
-0.016596
0.003686
-0.056715
-0.016524
0.024995
-0.178409
-0.037217
-0.053995
-0.069970
-0.049802
0.021900
-0.042069
0.031371
-0.105343
0.041355
0.094792
0.012922
0.025797
-0.002233
0.043015
-0.109297
0.003981
0.038078
0.007937
0.030996
0.488076
-0.141352
-0.014534
0.014574
-0.093639
-0.002102
0.007196
0.022668
-0.200773
-0.111940
0.079483
-0.023428
0.051559
0.007608
0.567395
-0.163330
0.011412
-0.006892
-0.024710
0.303426
-0.006590
-0.015185
0.093635
0.182622
-0.203776
0.021060
-0.058791
0.008462
0.013989
0.062563
0.025733
0.052223
-0.036829
0.012512
-0.084905
0.056467
0.209285
-0.196774
0.104127
0.220049
-0.095752
-0.100589
0.011970
0.012037
-0.166155
0.185192
0.080444
-0.328167
-0.008471
-0.225348
-0.124362
-0.030219
0.103611
-0.012493
-0.028980
0.008675
0.025037
0.091775
-0.024896
0.010317
0.205648
-0.088907
0.275800
-0.046047
0.012905
-0.040309
0.039674
-0.000297
0.076282
-0.010493
0.119332
0.050071
-0.078364
0.045552
-0.049566
0.030835
-0.010158
-0.029541
0.014904
-0.034973
-0.031488
-0.028768
-0.091118
-0.074934
0.026443
0.029699
0.041689
-0.012475
0.006356
-0.007069
-0.060836
0.018798
-0.064779
-0.002710
-0.004212
0.037003
-0.072038
0.060484
-0.066393
-0.007408
-0.022058
0.015860
0.017377
-0.065954
-0.008408
-0.055640
0.002082
-0.064227
-0.080078
-0.010177
0.025050
0.025999
0.057309
0.008539
-0.035705
0.005026
-0.041702
-0.028206
-0.371380
0.028825
-0.026524
-0.015800
-0.081711
0.060495
0.038330
-0.020232
-0.049767
0.025318
0.208472
0.073198
0.008959
-0.015303
-0.017822
-0.048618
0.011768
-0.092552
-0.009938
0.036327
-0.028223
-0.011500
-0.121776
-0.007019
0.080083
-0.096573
-0.082286
-0.031371
-0.027222
0.015347
-0.057585
-0.086585
-0.220729
-0.160620
0.080904
-0.130090
0.282213
-0.109437
0.152488
0.128364
-0.150101
-0.023518
0.058653
0.053747
0.121314
0.226922
-0.059791
-0.025502
-0.016194
-0.089284
-0.090755
0.067629
-0.101547
-0.094701
0.089982
-0.097914
-0.011564
0.078148
-0.074381
-0.111225
0.145138
-0.024235
0.203009
0.034284
-0.010782
-0.062959
0.090576
-0.023787
0.232611
-0.024713
-0.050681
-0.002856
0.011859
-0.058993
0.016403
-0.022353
-0.129374
-0.010286
-0.108944
-0.034351
-0.025545
0.346211
0.040487
-0.219818
0.224513
-0.023606
0.079450
-0.074465
-0.007296
0.050486
-0.080712
0.051032
-0.057786
0.023641
-0.087456
-0.059805
-0.167853
-0.041806
-0.103850
0.071143
-0.086864
-0.148631
0.053434
-0.080330
-0.090591
-0.214525
0.155037
0.061122
-0.169308
-0.013992
-0.075231
0.050004
0.031368
-0.128999
-0.016080
-0.044251
0.256784
0.177417
-0.065526
0.035226
-0.071664
-0.061854
0.322649
-0.020983
0.065517
0.246482
-0.054480
-0.065646
-0.005762
-0.081148
-0.051183
-0.043838
0.044015
-0.025000
-0.070174
0.126029
-0.060418
0.029746
0.011387
-0.025076
-0.196873
0.077471
-0.021476
-0.008105
0.131346
-0.097387
0.011117
0.223389
-0.191167
-0.063892
0.219105
0.001622
-0.006185
-0.026572
0.035427
-0.044248
0.012598
0.016232
0.010859
-0.019865
-0.074256
-0.006392
-0.044705
0.119291
-0.128723
-0.181642
0.075171
-0.106838
0.166219
-0.087203
0.259622
0.048005
-0.001495
-0.023234
-0.023267
-0.097634
0.055965
-0.003339
-0.230462
0.067087
-0.140839
0.116807
0.032749
-0.091973
-0.023255
-0.018324
0.053061
-0.117540
0.006483
-0.228407
0.088029
0.038936
0.001319
0.121589
-0.068229
-0.189579
-0.167205
-0.156414
0.035924
0.118701
0.007189
-0.085974
-0.021176
0.011013
0.183165
-0.304005
-0.081428
-0.042424
0.013796
0.137627
0.026136
-0.147968
-0.169254
-0.071250
0.019877
-0.045757
-0.030584
0.026938
-0.092523
-0.062868
-0.053916
-0.034006
0.104470
0.003326
0.364684
-0.063712
0.063074
-0.121582
0.055799
0.274343
0.117217
0.056373
-0.139160
0.179937
-0.047981
0.020397
0.243605
0.088427
0.034982
-0.029757
0.090112
-0.066799
-0.250639
0.011895
-0.300241
-0.325269
0.021660
-0.117645
0.040037
0.049660
-0.383603
-0.020140
-0.112478
-0.332455
0.060329
0.081836
-0.031495
0.055714
0.038529
-0.000213
-0.181548
-0.076204
-0.024217
-0.050144
-0.040546
-0.056503
-0.020372
0.010630
0.242017
-0.033560
-0.081774
0.025603
-0.100183
0.128851
0.001388
-0.167411
0.192532
-0.080155
-0.154332
-0.030131
0.002816
0.042671
-0.129290
-0.025189
-0.044327
-0.088190
-0.012113
-0.011103
-0.089299
0.007007
-0.032360
-0.015062
0.126219
0.131105
0.074132
0.047866
-0.055088
0.171552
-0.242231
0.026952
-0.043712
0.077265
-0.042549
0.053563
0.033256
-0.024930
0.339136
0.022515
0.019904
0.048365
-0.105785
-0.015479
-0.012783
0.013273
-0.041884
-0.103539
-0.082780
-0.088136
0.075472
-0.152405
-0.026369
-0.077345
0.031188
0.037759
-0.007124
0.166649
-0.075747
-0.202940
-0.052144
-0.078193
0.010998
0.038830
-0.311759
0.238062
-0.025600
-0.023189
-0.018606
0.031671
0.076617
0.073997
-0.052637
-0.055466
0.053878
-0.035328
-0.025230
-0.039203
0.016349
0.023230
-0.062184
-0.112477
-0.186925
0.045810
-0.041974
-0.005578
-0.007950
-0.177153
-0.020644
-0.070095
0.013150
0.093706
-0.009688
0.007891
0.024040
0.046490
-0.078953
-0.209249
-0.098849
-0.002812
0.110455
-0.082956
0.054991
0.060594
-0.090328
-0.076554
0.072766
0.057420
0.060267
0.080476
0.054725
0.054816
-0.031979
-0.099669
0.028757
-0.080258
0.039290
0.033835
0.007051
0.015694
0.085813
-0.190872
-0.059335
0.068704
-0.020079
0.058209
-0.026151
0.005888
-0.049984
-0.069349
0.015979
0.016159
-0.131569
0.059242
0.021186
-0.144931
-0.196113
-0.010880
-0.170835
-0.036653
-0.008743
-0.015070
-0.027150
0.002870
-0.049180
0.006458
-0.132699
-0.075713
-0.007265
0.033851
0.031353
-0.006740
0.024258
-0.020121
0.010318
-0.051119
-0.002338
0.036261
-0.016406
0.077767
-0.014953
-0.074295
0.003671
0.068824
-0.041043
0.005743
0.039234
0.043460
-0.038310
-0.045898
-0.097055
0.054709
-0.016301
0.041504
0.013076
0.054977
-0.019155
0.001460
0.060797
-0.021082
0.012405
-0.022799
-0.021866
-0.066475
0.053485
-0.076115
0.074921
-0.071136
0.010564
0.063000
-0.228069
0.128697
0.039451
0.011474
-0.036703
-0.172299
-0.127308
-0.006404
-0.038724
-0.000672
-0.007484
0.009634
0.048996
-0.090539
-0.118617
0.019040
-0.157336
-0.048660
0.036544
-0.085789
-0.074628
-0.092165
0.002377
-0.126920
0.215810
0.007538
0.004559
-0.045533
-0.121959
-0.012580
-0.037125
-0.016463
0.054783
0.412518
-0.022195
0.024017
-0.139505
0.110856
-0.060735
-0.082213
-0.046524
0.084794
-0.021121
-0.027474
0.086567
-0.102799
0.057320
0.161582
-0.058073
0.188463
0.022578
-0.002189
-0.195318
0.007143
0.034192
0.176460
-0.020458
-0.101803
0.039366
0.108789
-0.166574
0.018778
-0.225214
0.059510
-0.035622
-0.037992
0.095269
-0.036386
-0.120456
-0.035916
-0.119992
0.031043
-0.053226
-0.036965
0.042723
-0.041249
-0.033547
0.035006
0.021946
0.026742
-0.014624
-0.032813
0.033419
0.068826
-0.022275
-0.082917
0.002455
-0.088480
-0.013238
0.021131
-0.023208
-0.009835
0.060029
0.054032
0.040185
-0.011006
-0.111170
0.269158
-0.002663
0.023493
-0.070270
-0.003605
-0.092266
0.026819
0.055608
-0.048468
-0.072247
0.009954
0.022055
-0.105117
0.014502
0.107056
-0.011543
-0.021015
-0.141880
-0.043382
0.006217
-0.029392
-0.001570
-0.064800
0.076091
-0.128419
-0.067318
-0.054842
0.106438
-0.045089
-0.061676
0.047814
0.013627
0.014544
0.043318
0.064977
-0.123227
-0.033071
-0.039388
-0.072396
-0.069263
0.022471
0.076856
-0.095610
-0.119797
-0.055668
-0.007760
-0.020215
-0.008658
-0.158617
-0.066655
-0.086501
-0.137769
0.005668
0.140404
-0.049576
0.124895
-0.074753
0.061923
-0.055747
-0.034643
0.060427
-0.054563
0.019636
0.092944
0.124634
0.044049
0.191307
0.015891
0.044870
0.120011
-0.011902
0.104796
0.011144
-0.052317
-0.035372
0.028047
-0.060577
0.026250
0.068212
0.002747
0.110322
0.027495
0.052713
-0.098240
-0.030047
-0.057512
0.070212
-0.033894
0.051733
-0.048790
0.004653
-0.150382
-0.040057
-0.160021
-0.030855
-0.017555
0.003316
-0.009786
-0.078606
0.017431
-0.019376
0.120949
-0.004627
-0.026230
-0.060120
0.042607
0.137652
0.108008
-0.044915
-0.023160
-0.032041
-0.003231
0.095876
0.033220
0.021829
-0.063903
0.134545
-0.061650
0.018206
-0.068235
0.011435
-0.053773
-0.034235
0.126284
0.111140
0.013664
-0.004204
-0.047309
0.310841
-0.048025
-0.030599
-0.013692
-0.039800
-0.063113
-0.031351
0.014246
-0.147653
-0.004265
0.002872
-0.057659
0.113886
0.085213
-0.091429
0.006120
-0.013520
-0.196865
0.057351
0.191936
0.122965
-0.000750
-0.181647
0.128695
-0.001474
0.053154
-0.084833
0.316116
0.023090
-0.025375
0.129817
-0.010762
-0.032329
0.084215
0.016100
0.029420
0.020533
0.032737
-0.029284
-0.143658
-0.049939
-0.056594
0.088216
-0.059717
-0.122582
0.017961
0.087641
0.080640
-0.138833
-0.061940
-0.015159
0.024571
-0.102370
-0.071556
-0.005030
0.031299
-0.041544
-0.030035
-0.030617
0.013693
0.142304
-0.051231
0.011936
0.087584
0.162552
-0.054978
-0.011283
0.095313
-0.104016
-0.099683
0.072651
0.022743
-0.119809
-0.010152
0.048180
-0.054166
-0.104711
0.015093
0.057900
-0.019506
-0.093006
0.059948
-0.019646
0.066282
0.109938
0.011106
0.008184
-0.000630
0.025487
-0.052629
-0.021244
-0.068638
-0.024052
0.079906
-0.063969
0.032974
-0.132979
-0.079625
-0.031524
-0.006098
0.062208
0.004352
0.095180
0.059965
-0.059634
-0.036076
-0.044681
-0.214354
-0.028329
0.037831
-0.118705
-0.092404
-0.110325
-0.069075
-0.121903
-0.075038
-0.103313
0.067612
0.139198
-0.156648
0.062510
0.082438
0.039966
-0.033131
0.012385
-0.062185
-0.001493
0.145430
0.196683
0.054409
-0.095703
0.147391
0.146888
-0.004516
0.160348
0.049324
-0.070810
0.150240
-0.029959
-0.075373
-0.032130
0.021164
-0.151934
-0.080585
-0.118703
0.048724
0.050705
0.037608
-0.050540
0.045945
0.004049
-0.123972
-0.042182
-0.093438
-0.008915
-0.015062
-0.023910
0.225969
-0.118308
0.016528
-0.027631
-0.060329
-0.063271
0.019500
-0.008904
-0.067896
-0.071246
0.115529
0.130617
0.070966
0.017097
0.086758
0.013555
-0.008342
-0.045893
0.036091
0.180535
0.002209
0.001183
0.030693
0.022708
-0.016274
0.105901
0.049057
0.030607
0.011272
-0.014142
-0.015274
-0.001669
-0.003632
0.035730
-0.052474
0.086573
0.002676
0.001511
-0.110387
-0.032737
0.062224
0.017389
0.019882
-0.186382
0.024346
0.007142
0.056124
0.040412
0.062187
0.094208
-0.002398
-0.044636
-0.043157
-0.012473
-0.066542
-0.004633
0.075222
0.057269
0.017616
-0.036685
0.029197
-0.072238
-0.013683
0.012678
-0.006998
-0.017577
0.276135
-0.153299
-0.043897
-0.030337
-0.058437
0.233320
-0.026471
-0.004081
0.055622
0.000052
-0.045366
0.039796
0.053435
-0.083171
-0.156631
0.038367
0.061654
-0.024527
0.007573
0.207593
-0.012016
0.086417
0.035279
0.100325
-0.113799
-0.017583
0.002330
-0.006237
0.013248
0.014385
0.007406
0.081109
0.014453
0.092834
0.074302
0.051397
-0.199076
-0.019041
0.139578
-0.081305
-0.036547
0.009757
0.026912
0.054607
-0.028074
0.302772
0.082861
-0.173622
0.003463
-0.146529
-0.174309
-0.054724
0.141356
0.060322
-0.039249
-0.085787
-0.010549
0.083964
-0.035290
0.059916
0.324308
0.026926
0.285461
0.120999
0.034990
0.008453
-0.023817
-0.034597
-0.008877
-0.006255
0.086572
0.010265
-0.037809
0.009913
-0.007960
0.054677
0.004469
-0.038657
0.013089
0.192750
-0.084754
0.096759
-0.051913
0.052536
0.036096
-0.021779
0.030343
0.062729
0.043446
-0.047912
0.033960
-0.021868
0.014418
0.062351
-0.028732
-0.002440
0.033222
0.114933
0.025282
0.020459
-0.017545
-0.031423
-0.008571
0.020776
0.015400
-0.052502
-0.033634
-0.037960
0.194114
-0.040742
-0.014728
0.041380
-0.019897
0.047606
0.014459
0.003410
0.005739
0.006051
-0.312202
-0.007475
0.009590
-0.046489
-0.071095
-0.007195
-0.025808
-0.000413
-0.031950
-0.028189
0.103890
-0.089855
0.007099
-0.025858
-0.018404
0.117958
0.016461
-0.021831
0.013449
0.001856
0.098909
-0.017544
-0.147108
-0.009422
0.031707
0.061765
0.030786
-0.021953
-0.007585
-0.056623
-0.006346
-0.076359
-0.088665
-0.140244
0.023757
-0.004276
-0.171672
-0.006638
0.039994
0.068330
0.124106
0.137956
-0.160503
0.139052
-0.024383
0.020263
0.089720
-0.082953
0.131400
0.084304
0.066191
0.075111
0.017392
-0.012320
0.095246
-0.088360
0.049897
0.106222
0.106032
0.011154
0.097115
0.039412
0.126203
0.025879
-0.007354
-0.054445
0.111084
0.042139
0.216385
-0.021499
-0.030621
-0.024953
0.096650
0.077662
0.004517
0.060938
-0.041739
0.196791
0.033927
-0.010178
0.053903
-0.121629
0.105634
-0.112836
-0.120782
0.036573
0.004739
-0.036838
0.031147
-0.126306
0.014082
-0.181412
0.024045
-0.100143
-0.065413
-0.062834
-0.002608
-0.089468
-0.082104
-0.052957
0.235128
-0.030604
0.041707
0.046314
0.060996
-0.318855
-0.099694
0.144202
0.080968
-0.047879
0.006749
-0.054707
0.079026
0.049788
0.342390
-0.035148
0.057813
0.066348
0.009372
-0.004688
0.063188
0.046117
0.017191
-0.057003
-0.015634
0.188008
0.051908
-0.250602
0.002513
-0.057745
-0.098056
-0.059280
0.169161
0.069742
0.064628
-0.121608
-0.083382
-0.068226
0.001644
0.015044
-0.147139
0.033726
-0.017186
-0.018367
0.163262
-0.075622
0.003081
0.083861
0.055989
-0.006967
0.108421
0.000798
-0.037794
-0.009120
-0.027767
0.009695
0.046369
0.009339
-0.049660
-0.076508
-0.029443
-0.027188
0.004487
-0.076835
0.158754
0.031978
0.000939
-0.108233
-0.082106
-0.064150
-0.004802
0.061696
0.059708
0.084946
-0.014089
-0.266263
0.106091
-0.035905
-0.078723
0.010537
0.198845
-0.020918
0.004726
0.025881
0.114465
0.044031
-0.093192
-0.044437
0.100951
0.052378
0.024931
-0.017983
-0.033386
0.017166
-0.127058
-0.226438
-0.122328
0.078358
-0.018221
0.133601
0.022616
-0.009695
0.012966
0.090363
0.090496
-0.212885
-0.035416
0.020170
0.090739
0.119725
0.061400
-0.004544
-0.031965
0.085681
0.195520
0.002594
-0.035344
-0.038634
0.119843
0.100521
0.011586
-0.074587
0.043940
-0.022470
0.073201
-0.067304
0.004376
0.050127
-0.195922
0.061646
0.089031
0.071076
0.071228
0.287352
-0.009746
0.053896
-0.127417
-0.003425
0.011698
0.004273
0.045199
-0.124717
-0.255263
-0.042004
-0.025597
-0.113592
0.090513
-0.049124
0.009717
0.051741
-0.045550
0.045554
0.021965
-0.159329
-0.078117
0.202091
0.012930
0.071189
0.080222
0.007080
-0.211261
-0.112002
0.006442
0.128770
0.023960
0.046475
0.014367
0.048279
0.094852
0.023413
-0.036439
-0.004157
-0.048376
0.034291
-0.002703
-0.034888
-0.119953
-0.060367
-0.100677
-0.010541
-0.023965
-0.036562
-0.022359
-0.010492
-0.008519
-0.054537
0.059276
0.021617
-0.022289
-0.017038
-0.053167
0.000469
-0.257756
0.163081
0.043397
0.091696
0.217216
-0.144600
0.041521
0.105724
0.080585
-0.041006
-0.003691
0.178418
0.010365
0.028733
0.077645
0.016434
-0.163124
0.053085
0.021398
-0.015526
0.038515
0.030666
0.097788
-0.012130
-0.008533
-0.217035
0.073520
0.001366
0.004565
-0.113356
0.060368
0.187545
0.006050
-0.044977
0.064495
-0.068062
-0.076867
0.066803
0.012024
-0.004427
0.008005
0.254364
0.007975
-0.002190
-0.040992
-0.186618
-0.001859
0.019365
0.009810
-0.039704
-0.002513
-0.055696
-0.013779
-0.037502
-0.152309
0.060038
-0.016816
-0.068058
-0.021290
-0.108238
-0.009751
0.011534
0.037870
0.008961
0.006357
0.042453
-0.040477
0.043586
-0.075329
-0.088103
-0.098649
0.091936
0.046232
-0.003802
0.032347
-0.042876
0.131645
0.046634
0.024424
-0.007508
-0.056008
0.006258
-0.113431
0.052188
0.144503
0.113332
-0.041738
0.126886
0.000015
-0.021340
0.066163
-0.014561
0.035701
-0.019554
0.124792
-0.008208
0.053578
-0.039316
0.100452
-0.029519
-0.019776
-0.026437
-0.053190
-0.013595
0.054993
-0.085179
-0.033944
-0.022984
-0.022949
0.042469
-0.005585
-0.000472
0.103463
-0.050348
-0.137702
-0.073958
0.008459
0.041391
0.034747
-0.155339
-0.037541
0.050182
-0.038185
