[[[[2.1242452e-04 0.0000000e+00 0.0000000e+00 ... 4.8221909e-03
    0.0000000e+00 6.4853483e-01]
   [7.3049346e-04 0.0000000e+00 0.0000000e+00 ... 0.0000000e+00
    0.0000000e+00 5.7524526e-01]
   [5.5843801e-04 0.0000000e+00 0.0000000e+00 ... 0.0000000e+00
    0.0000000e+00 4.1971326e-01]
   ...
   [1.0344939e-03 0.0000000e+00 0.0000000e+00 ... 0.0000000e+00
    0.0000000e+00 7.4596834e-01]
   [7.0176274e-04 0.0000000e+00 0.0000000e+00 ... 0.0000000e+00
    0.0000000e+00 8.3627009e-01]
   [1.7301211e-04 4.9316353e-05 0.0000000e+00 ... 0.0000000e+00
    0.0000000e+00 2.6708925e-01]]

  [[6.2728522e-04 0.0000000e+00 0.0000000e+00 ... 0.0000000e+00
    0.0000000e+00 0.0000000e+00]
   [1.5049831e-03 0.0000000e+00 0.0000000e+00 ... 0.0000000e+00
    0.0000000e+00 3.0691609e-01]
   [1.5645354e-03 0.0000000e+00 0.0000000e+00 ... 0.0000000e+00
    0.0000000e+00 2.9340687e-01]
   ...
   [1.8916257e-03 0.0000000e+00 0.0000000e+00 ... 0.0000000e+00
    0.0000000e+00 3.3724099e-01]
   [1.3280438e-03 0.0000000e+00 0.0000000e+00 ... 0.0000000e+00
    0.0000000e+00 7.5487769e-01]
   [1.1942416e-03 8.6874852e-04 1.2424840e-04 ... 0.0000000e+00
    0.0000000e+00 8.5164726e-01]]

  [[1.4479463e-03 0.0000000e+00 0.0000000e+00 ... 6.4270906e-03
    0.0000000e+00 0.0000000e+00]
   [1.7224932e-03 0.0000000e+00 0.0000000e+00 ... 0.0000000e+00
    0.0000000e+00 4.9217969e-02]
   [1.3262266e-03 0.0000000e+00 0.0000000e+00 ... 8.4811732e-02
    0.0000000e+00 5.8155254e-02]
   ...
   [1.9509360e-03 0.0000000e+00 0.0000000e+00 ... 0.0000000e+00
    0.0000000e+00 0.0000000e+00]
   [1.7757976e-03 0.0000000e+00 0.0000000e+00 ... 0.0000000e+00
    0.0000000e+00 1.7955899e-01]
   [1.6623060e-03 1.0825640e-03 5.2695432e-05 ... 0.0000000e+00
    0.0000000e+00 1.1280944e+00]]

  ...

  [[1.3325725e-03 0.0000000e+00 0.0000000e+00 ... 0.0000000e+00
    0.0000000e+00 6.2767488e-01]
   [1.6895726e-03 6.9964677e-05 0.0000000e+00 ... 0.0000000e+00
    0.0000000e+00 7.3377085e-01]
   [1.0253900e-03 0.0000000e+00 0.0000000e+00 ... 0.0000000e+00
    0.0000000e+00 0.0000000e+00]
   ...
   [1.2737475e-03 0.0000000e+00 0.0000000e+00 ... 0.0000000e+00
    0.0000000e+00 3.7368256e-01]
   [1.2119522e-03 0.0000000e+00 0.0000000e+00 ... 0.0000000e+00
    0.0000000e+00 3.4779009e-01]
   [5.2248070e-04 2.3318018e-04 0.0000000e+00 ... 0.0000000e+00
    0.0000000e+00 3.6065471e-01]]

  [[1.2309165e-03 0.0000000e+00 0.0000000e+00 ... 0.0000000e+00
    0.0000000e+00 8.5954744e-01]
   [2.1636002e-03 0.0000000e+00 0.0000000e+00 ... 0.0000000e+00
    0.0000000e+00 1.3993456e+00]
   [1.6836906e-03 2.3152522e-04 0.0000000e+00 ... 0.0000000e+00
    0.0000000e+00 7.8349221e-01]
   ...
   [1.2990261e-03 0.0000000e+00 0.0000000e+00 ... 0.0000000e+00
    0.0000000e+00 6.2145084e-01]
   [1.4271443e-03 0.0000000e+00 0.0000000e+00 ... 0.0000000e+00
    0.0000000e+00 9.3938261e-01]
   [1.0223063e-03 2.4256640e-04 2.5616318e-04 ... 0.0000000e+00
    0.0000000e+00 5.8384842e-01]]

  [[0.0000000e+00 0.0000000e+00 0.0000000e+00 ... 8.4178507e-02
    0.0000000e+00 0.0000000e+00]
   [1.2788301e-03 0.0000000e+00 0.0000000e+00 ... 4.1405311e-01
    0.0000000e+00 5.7024807e-01]
   [1.4020419e-03 1.4884258e-04 1.0076842e-03 ... 3.0802038e-01
    0.0000000e+00 7.1228176e-01]
   ...
   [4.7530603e-04 0.0000000e+00 0.0000000e+00 ... 0.0000000e+00
    0.0000000e+00 0.0000000e+00]
   [1.1386969e-03 0.0000000e+00 0.0000000e+00 ... 2.3273195e-01
    0.0000000e+00 0.0000000e+00]
   [1.8595674e-03 8.0186105e-04 1.6885909e-03 ... 3.6684412e-01
    0.0000000e+00 8.0317849e-01]]]]