(1, 1, 128, 16)
-0.068853
-0.149983
0.047151
0.029401
-0.104870
0.001380
-0.073968
-0.004260
-0.198481
-0.093514
-0.069091
0.401058
0.036548
-0.006603
0.069287
0.139595
0.077531
0.111446
-0.034886
0.031423
0.080285
-0.123133
0.211389
-0.067872
0.169643
-0.076444
0.076236
-0.266606
0.149968
0.252699
0.068115
0.137727
-0.064739
-0.019284
0.055413
-0.080885
0.200707
0.259931
0.046524
0.116265
0.054205
-0.368166
-0.008322
0.026151
0.034987
-0.015101
-0.017891
0.080806
-0.080926
-0.033517
-0.115495
0.188826
-0.033472
0.031149
0.359224
0.015221
-0.442730
-0.003953
0.095503
0.138981
-0.234347
-0.194152
0.355961
-0.037085
-0.002079
-0.005270
0.000434
0.003839
0.000961
-0.001885
0.003227
-0.000701
-0.006805
0.000203
-0.002017
0.000741
-0.001220
-0.000646
0.000471
0.001069
0.037135
0.102092
-0.171775
0.070532
-0.003849
-0.052039
0.112781
0.098161
-0.002462
0.021058
-0.121061
-0.262277
0.456309
0.148470
-0.283122
-0.026455
-0.046659
-0.186855
0.212187
-0.020611
-0.068961
-0.153853
-0.018626
0.042095
0.288702
0.011132
0.307760
-0.012095
0.142881
-0.272448
-0.143937
-0.119087
-0.224158
0.060512
-0.018566
0.051304
-0.084556
0.098666
0.178802
0.317473
0.142007
0.231828
-0.014589
-0.051654
-0.062292
0.131889
0.070158
0.143489
0.103359
0.092424
0.074562
-0.076016
0.065985
0.293011
0.042191
0.149909
0.099742
-0.154249
0.064767
0.101550
-0.377675
0.072719
0.247077
0.010464
0.279109
0.074569
0.178649
-0.179539
0.188814
0.224978
-0.026967
0.179538
0.034587
0.104718
0.175878
-0.546083
0.057019
0.427160
0.163775
0.207157
-0.065498
-0.157327
-0.111069
-0.081581
-0.137281
0.049311
0.500994
0.006927
0.259626
0.030197
0.084232
0.090950
0.254869
-0.028205
-0.077821
-0.024153
-0.067675
0.039783
0.009569
0.110537
0.079682
0.001848
0.094954
-0.016313
-0.033325
-0.013788
-0.122031
-0.263007
0.069119
0.411888
-0.195368
-0.275572
-0.190636
0.141934
0.154595
-0.090815
0.079854
0.242450
-0.021396
-0.320119
0.039662
0.397716
0.160378
0.059149
-0.065292
-0.001905
0.065430
0.068503
0.017568
0.068210
0.190049
0.025106
0.007085
-0.186128
-0.075300
-0.068531
0.150810
-0.019690
-0.066612
0.351760
-0.155645
-0.107445
0.084174
-0.046373
0.072860
-0.087147
-0.038739
0.132463
-0.072658
-0.033569
0.052102
-0.072013
-0.096597
0.082962
-0.248716
-0.043401
-0.419005
-0.038349
-0.000189
-0.137264
-0.038626
-0.106531
-0.103832
0.052062
0.095904
-0.090637
0.028374
-0.042827
0.013250
-0.014099
-0.151054
0.118583
0.205665
-0.352366
-0.059432
-0.041198
-0.296527
-0.016378
0.058471
0.012595
0.300505
0.133966
0.070065
0.179060
0.020266
0.264911
-0.037798
0.026488
0.000382
0.011776
0.023383
0.026172
-0.351481
0.070970
0.037418
0.099717
-0.090092
-0.000081
0.184051
-0.315296
-0.020853
0.307328
-0.338035
-0.052806
-0.097174
-0.114668
-0.166480
0.048172
0.153719
0.194593
0.017990
0.016800
0.156546
0.116280
0.100571
0.156992
0.078892
0.129616
0.194416
0.450310
0.146316
-0.674982
0.211782
0.037402
0.129407
0.051297
0.087365
0.093443
0.108315
0.027115
-0.037426
-0.496313
-0.063506
-0.398430
0.035964
0.039503
-0.003572
0.037324
0.048786
-0.005024
0.195908
0.115621
0.076147
-0.104671
0.142970
0.158390
0.077611
0.212620
0.042186
0.167696
0.165011
0.170687
0.479428
0.013927
-0.735773
0.093844
-0.086969
-0.156523
0.088657
-0.089226
-0.220659
-0.104436
-0.076108
-0.087317
-0.197115
-0.051153
-0.410756
-0.028831
-0.086356
-0.039727
0.553094
-0.050599
0.225131
-0.199180
0.059669
0.098366
0.670138
0.124539
0.139444
0.029215
0.089969
0.128562
0.065823
0.164054
0.079094
0.182369
0.158581
0.217183
0.280433
-0.179764
0.094477
-0.143164
0.179648
0.075732
-0.121462
0.167855
-0.084734
0.013021
0.219100
0.136401
0.021981
0.052049
0.090942
0.233335
0.068924
0.338334
-0.119399
0.102622
-0.030875
-0.147076
0.184906
0.145490
0.115745
0.040200
0.063261
-0.305920
-0.207549
0.146981
0.171149
0.066582
-0.136302
0.100936
-0.066821
0.227100
-0.049673
0.056734
0.172272
0.274111
0.113064
0.060584
-0.130905
0.071497
-0.018239
0.008013
0.004488
-0.027218
-0.077156
0.207345
0.018462
0.095857
-0.046689
-0.375961
-0.337085
0.040535
0.257979
-0.059675
-0.333226
0.142987
0.213572
-0.147188
-0.231526
0.011713
-0.061962
0.022523
-0.070077
0.089547
-0.142585
0.002425
0.168573
0.015020
-0.063397
-0.107343
-0.111142
-0.143769
0.086559
-0.039557
-0.157650
0.459296
-0.048510
-0.109392
0.110179
-0.094146
-0.151405
-0.049389
-0.242781
-0.016222
-0.269833
-0.001928
-0.336106
-0.013368
0.620144
-0.010597
0.004526
-0.002258
-0.399659
0.205435
0.114060
0.031768
0.026570
0.302043
0.066305
0.275978
0.099416
-0.175799
-0.028143
0.067477
0.091006
0.014925
-0.019459
0.064522
0.304823
0.174398
-0.064151
0.090929
-0.114238
0.080326
0.185637
0.048620
0.052276
-0.432859
-0.123264
0.022740
0.029642
-0.030773
-0.065159
-0.064113
0.349623
0.074296
0.106287
-0.125878
0.127302
-0.007048
-0.115655
0.516110
-0.070273
0.491502
0.318615
0.137858
-0.067314
0.084940
0.228511
0.122099
-0.049268
0.060870
-0.102473
-0.106153
-0.039297
-0.235768
-0.002852
-0.008422
0.546108
-0.060269
-0.260200
0.225918
-0.202105
-0.173581
0.273006
-0.054305
0.300239
0.092644
-0.036438
0.022134
-0.006354
-0.160702
0.138394
-0.390270
0.100460
0.283508
-0.042620
-0.055359
-0.099417
0.010263
-0.023475
-0.038798
-0.001287
0.048618
-0.116487
0.073339
0.036408
0.055998
0.097778
0.015273
-0.092044
-0.103843
-0.004759
0.179628
0.240802
-0.067930
-0.052156
-0.209258
0.055939
-0.265383
-0.085122
-0.111196
0.179556
-0.051013
0.181461
0.108566
0.092209
0.094090
0.028482
-0.290423
-0.114860
0.173060
0.140582
-0.002704
-0.061123
-0.221415
0.070471
0.174372
-0.057115
-0.044300
0.204927
-0.080391
-0.117727
-0.034214
-0.161979
0.240887
-0.033884
0.037667
-0.056729
-0.255354
-0.145189
0.020302
-0.053723
0.058726
-0.199676
-0.077234
-0.091133
-0.346832
-0.012304
-0.216519
-0.198797
-0.103996
0.001470
0.010732
-0.077272
0.030063
-0.009781
0.417170
-0.158027
0.254517
0.117169
-0.182546
0.179357
-0.084967
0.339519
-0.016904
-0.299529
-0.099710
-0.239179
-0.019025
-0.244655
-0.358889
0.199210
0.008649
0.129145
0.120248
-0.152748
-0.003852
0.091939
-0.352533
0.098529
-0.177841
-0.049659
-0.002896
0.050689
0.013757
-0.121196
0.022576
-0.054145
-0.119682
0.201343
-0.016727
0.084578
-0.197233
-0.353888
-0.002108
0.130052
-0.087028
0.244385
-0.151695
-0.098001
0.205983
0.027346
-0.196562
0.070323
0.089458
0.068077
0.069303
-0.051941
0.181431
-0.024011
-0.030670
0.039443
0.116428
-0.155270
-0.050484
0.036092
-0.028838
-0.046076
-0.465222
-0.147066
-0.070318
-0.075282
0.041061
-0.094656
-0.101917
0.125193
-0.059567
0.017913
-0.063998
-0.155379
-0.331872
0.074287
0.004058
-0.014780
-0.024971
0.035573
0.041206
-0.018313
-0.134414
0.052718
0.192198
0.115774
0.132876
0.049989
-0.171397
0.080972
-0.159399
0.216250
0.117914
-0.108521
-0.219486
-0.051428
-0.089982
-0.103111
0.022494
-0.109730
0.035780
0.418721
-0.031976
-0.304955
-0.030599
0.140749
0.189639
0.353448
-0.239304
-0.158159
-0.018517
0.115071
-0.041367
0.249488
-0.080901
0.064501
0.209264
-0.008786
0.044266
-0.017831
0.086904
-0.160392
0.143474
-0.160596
0.080660
-0.033973
-0.448709
0.204216
0.110776
0.000270
-0.023691
0.069533
0.060943
0.138505
0.095982
0.080873
-0.568669
-0.050555
-0.012120
0.003447
-0.026027
0.043895
-0.004086
-0.233384
-0.042157
-0.142022
-0.185350
-0.195209
-0.210780
-0.114942
-0.038949
-0.030910
-0.133595
-0.208349
-0.043809
0.239836
0.449075
0.190132
0.123214
-0.051334
0.062811
0.045276
0.113425
0.047286
-0.199024
-0.047302
-0.020629
0.082448
0.108931
-0.033979
0.044421
-0.085145
-0.191560
0.209516
0.360673
-0.015871
-0.085414
0.158566
-0.086616
-0.099264
-0.134430
0.028880
-0.037733
-0.155219
-0.016317
-0.187136
0.133644
-0.116106
0.338634
-0.225096
0.016412
-0.134581
-0.117829
-0.078103
0.137591
-0.090548
-0.007902
0.647497
-0.107935
-0.108383
0.027381
-0.033369
0.207526
-0.024585
0.063284
0.000020
-0.270149
0.140745
-0.093435
0.142840
0.020130
-0.193683
0.107257
0.072856
-0.009241
-0.129444
0.042732
-0.263838
0.011411
-0.114070
-0.150607
-0.089308
0.230728
-0.073075
-0.337611
0.173353
-0.148505
-0.023015
-0.072813
0.072044
-0.003788
0.076658
-0.004713
0.346291
-0.184425
-0.310113
0.010005
0.332639
-0.183231
0.399068
0.101394
0.035499
0.143659
-0.193663
-0.150700
0.297118
-0.085547
0.128021
-0.029119
-0.172416
0.003454
0.018296
-0.042379
0.099654
0.009496
-0.083210
-0.015148
0.186269
0.037907
-0.149895
-0.291145
-0.062717
-0.194050
-0.006366
-0.014088
-0.250316
-0.151442
-0.104681
-0.034217
-0.091937
-0.094506
0.009558
0.068299
-0.066674
0.195622
-0.106760
-0.319887
0.096624
0.109609
0.164597
-0.167066
-0.110910
-0.040683
-0.078495
-0.131746
-0.031396
-0.197051
0.092520
-0.061852
0.035311
-0.009434
-0.222174
-0.116064
0.049542
-0.079688
-0.111320
-0.076508
-0.176107
-0.073823
-0.087346
-0.103816
-0.062571
0.168112
-0.121034
-0.272184
0.184286
0.184773
0.043113
-0.100583
0.024579
-0.094867
-0.535386
-0.016885
0.282019
-0.098698
0.151343
0.033757
-0.387783
-0.149748
-0.155970
0.086503
-0.143054
-0.013437
0.113477
-0.116063
0.032074
-0.237861
-0.096806
0.143618
-0.014084
-0.261267
0.141638
0.058189
-0.081758
0.030792
0.055626
0.661581
0.165819
0.037293
-0.182785
0.155437
0.098438
0.140412
0.102440
0.004706
0.203095
0.172118
0.085928
0.143106
0.064800
0.260148
-0.066683
0.052084
-0.105131
0.105976
-0.041892
-0.005303
0.111509
-0.072816
-0.174881
-0.005383
-0.148264
-0.193202
-0.406821
0.305237
0.383068
-0.137029
0.121590
0.145756
0.082891
-0.081096
0.159240
0.061470
-0.170282
-0.336529
-0.011107
-0.058806
0.265013
0.086156
-0.016371
0.040785
0.131905
0.092687
-0.136421
0.049847
-0.103678
0.139094
-0.033493
-0.029513
0.042968
-0.153115
0.156049
0.127721
-0.205641
0.139095
0.042829
-0.051710
-0.080175
-0.245374
-0.057370
-0.144046
-0.078767
0.012223
0.151833
-0.157224
0.124604
0.167342
-0.059281
0.121166
0.016892
0.164509
0.013137
-0.185095
0.029140
0.093571
0.089083
-0.063627
-0.144014
0.127710
-0.053394
0.141079
0.151040
0.050762
0.177924
0.006936
-0.100360
-0.190007
0.023434
0.216016
-0.046486
-0.030218
-0.028451
0.026900
-0.092367
0.120183
-0.073071
-0.125238
0.185984
-0.010745
0.021152
0.055829
-0.164445
-0.199069
-0.024259
-0.008247
-0.121102
0.164201
0.092668
-0.279684
-0.131016
0.101183
0.162614
0.070340
0.188070
0.047062
-0.204296
0.123005
-0.081457
0.001082
-0.000402
0.085633
0.031330
0.034501
-0.096838
0.010986
-0.151061
0.120916
0.030127
-0.140530
-0.022359
-0.037101
0.033393
-0.055193
0.068256
0.037036
0.147295
-0.116519
0.149239
-0.010287
0.016834
-0.043489
0.058377
0.077918
0.058201
0.108991
0.097397
0.024007
-0.062316
0.060314
-0.125475
0.163831
0.167047
0.099501
0.251209
0.078387
-0.018836
-0.066994
-0.034051
0.081543
-0.047213
0.131819
0.115448
-0.054395
-0.189535
-0.023714
0.252272
0.060861
0.050431
0.120571
0.080767
0.016732
-0.084962
-0.232188
0.137859
-0.195958
0.109367
0.024002
0.075524
0.070125
-0.058836
0.008834
0.035450
0.112424
0.010885
0.051317
0.118304
0.107607
-0.074474
-0.072634
0.034883
0.029439
-0.013291
-0.126359
-0.075997
0.019703
-0.012506
-0.030718
0.021039
-0.368651
0.095309
0.148180
0.196087
0.000922
0.082079
-0.086130
-0.011895
0.062991
-0.106444
-0.166090
-0.027140
0.025114
0.303441
0.013902
0.009797
0.064215
0.022647
0.139405
0.056670
-0.078700
0.050104
0.126879
0.104972
-0.243194
0.004781
-0.041837
-0.274830
0.046627
0.023777
-0.021871
0.079587
0.086389
-0.001257
-0.037106
-0.066183
0.045025
0.241081
0.386887
-0.409257
0.368821
-0.248202
0.326809
0.268213
0.078949
0.601114
0.167615
-0.284433
0.090428
0.221470
0.146642
0.048093
-0.030550
0.056421
0.273322
-0.035060
0.144458
-0.062355
0.102397
-0.031942
0.014688
0.230607
0.065570
-0.133757
0.041543
0.022914
0.149397
0.033022
0.016800
0.047466
-0.108640
0.319513
-0.060636
0.209508
-0.041242
-0.032685
0.014208
0.093515
-0.015617
-0.143358
-0.021969
-0.030326
-0.163446
0.015338
0.135002
-0.027672
-0.105888
-0.066974
0.118760
-0.345870
0.077950
0.111497
-0.030508
0.144029
0.035972
0.097013
-0.085308
-0.004485
-0.075778
0.001981
-0.004254
0.004354
0.068401
0.077102
0.090487
0.059795
-0.051819
-0.053253
0.021481
-0.214810
0.038693
0.110891
-0.124238
-0.130405
0.082240
-0.060613
0.051056
-0.060740
-0.085750
-0.024965
0.029386
0.026547
-0.211811
-0.248817
-0.031660
-0.083800
-0.059358
0.203292
0.121286
0.143076
0.003675
-0.109765
-0.089291
-0.132810
-0.079658
0.081507
-0.089340
0.065123
-0.127050
-0.200783
-0.028949
0.050724
-0.100679
0.258227
-0.049810
0.199364
0.156560
-0.137666
-0.086465
0.021451
0.128492
-0.043892
0.118383
-0.389076
0.129276
0.104421
-0.019178
-0.013530
0.031555
-0.039012
0.032679
0.012096
0.046641
-0.017978
-0.025576
0.041610
-0.161850
-0.152964
0.017652
-0.122325
0.237335
0.238356
-0.016535
0.203897
0.061131
0.143123
0.125507
0.069610
0.064661
0.094423
0.037792
-0.116049
-0.152351
0.005312
-0.005216
-0.009942
-0.187427
-0.142153
-0.035369
-0.116413
-0.062781
0.160841
0.144138
-0.057914
-0.162554
-0.042293
-0.065205
-0.031506
0.030758
-0.092774
0.194032
-0.017522
0.074757
-0.048903
-0.010260
0.115350
0.049379
-0.057362
-0.175797
0.040490
0.282979
0.082316
-0.046424
-0.067740
-0.051037
-0.053054
0.082037
0.070311
-0.073340
-0.086911
-0.035229
0.041883
-0.026477
0.172773
0.137595
-0.200009
0.058152
0.269641
-0.124400
-0.013910
0.048823
-0.008204
0.015875
-0.299468
0.074600
0.239370
-0.179242
-0.093038
-0.082886
-0.153947
-0.117049
0.031115
-0.032892
0.030656
-0.092970
-0.093492
-0.362380
0.023309
-0.023079
0.174147
-0.206006
-0.068775
-0.087665
-0.063313
-0.029524
-0.042954
-0.069390
-0.016608
-0.032764
-0.008237
-0.020345
-0.008668
-0.005698
-0.032208
0.162778
-0.067759
0.105013
-0.000164
-0.054056
0.069521
-0.014143
0.026976
0.054338
0.193156
0.145233
-0.105462
-0.076561
-0.062507
-0.045715
0.008844
0.090469
0.016951
0.020702
-0.070719
0.017199
0.037392
-0.039656
0.193663
0.066043
0.223080
0.055212
-0.268832
-0.024404
-0.067990
0.062184
0.236930
0.101148
-0.040541
-0.144378
-0.333151
-0.004440
-0.311261
-0.002312
0.041995
0.190057
-0.072307
-0.247680
0.019339
0.019309
0.160178
-0.171074
-0.420069
0.236115
0.277426
0.423167
0.322724
0.157798
-0.025173
0.126837
0.044681
0.202893
0.165584
0.262832
0.197735
-0.095070
-0.200962
0.238831
0.103005
0.145964
-0.263028
-0.253523
-0.237337
-0.012548
-0.007988
-0.073727
0.069717
0.010290
-0.083317
-0.035829
-0.057094
-0.004876
0.256301
0.232376
-0.485009
0.555270
-0.032983
0.585239
0.462305
0.187165
0.311296
0.285723
-0.194018
0.227056
0.301833
0.394689
0.371492
0.002848
0.000529
-0.164666
-0.196958
0.200609
-0.106835
0.165764
0.254116
0.048211
-0.251139
0.029134
0.131630
0.080620
0.104844
0.076675
0.024322
0.016623
-0.092046
0.009157
-0.170191
0.153660
0.047626
-0.077700
-0.004643
0.014375
0.037440
-0.018690
0.092049
0.169455
0.057349
-0.253136
0.151681
-0.056230
-0.020425
-0.073490
-0.027059
0.029061
0.039414
-0.077855
-0.254857
0.014203
0.024126
-0.077719
0.237974
0.095818
-0.180452
0.156431
0.185124
-0.080750
-0.025412
-0.167254
0.115088
0.187963
0.156984
-0.103010
-0.155510
0.072974
-0.147103
-0.005853
0.149223
0.014946
0.128621
0.037534
-0.066802
0.081402
0.025654
0.002534
-0.132774
0.361877
-0.004609
0.201810
0.064214
0.042798
-0.125316
0.067221
0.058900
0.129711
0.023326
0.181681
0.071842
-0.007929
0.007403
-0.042711
-0.064296
-0.126677
-0.067030
-0.003677
-0.016888
0.013731
-0.040984
0.009396
-0.062747
0.150462
0.388604
0.139577
-0.084679
0.065631
-0.076875
-0.012495
-0.093528
0.071499
0.019874
-0.117704
-0.018457
0.011544
0.038287
-0.048162
0.055021
-0.167031
0.232754
-0.062809
0.193804
0.032405
-0.063404
-0.089094
0.276013
-0.212211
-0.149673
-0.140296
-0.332584
0.039647
-0.013979
0.006185
-0.006976
-0.263687
0.054857
0.179718
0.000034
0.059502
-0.085731
0.017327
0.074319
-0.056429
0.318807
-0.088171
-0.056252
-0.159200
-0.074665
-0.203169
0.261348
0.092630
0.059126
0.072928
0.031067
0.068874
0.034482
0.020207
0.253449
-0.048543
-0.015788
-0.039786
0.177487
-0.026459
0.030161
0.017805
-0.151979
0.142869
-0.117608
0.220085
-0.127045
0.098582
0.055757
0.129714
-0.079219
0.119551
0.023494
-0.048786
0.008957
0.055507
0.348228
0.031109
-0.212946
0.229862
0.008300
-0.158298
0.077061
0.041473
-0.015544
0.026499
-0.018903
0.217295
0.005732
-0.096059
0.082481
-0.055129
0.078953
0.017924
-0.330954
-0.082803
-0.037470
-0.031205
-0.072135
0.034802
-0.085272
0.065453
-0.012010
0.166793
-0.117445
0.103397
0.031893
0.200484
0.087144
0.120619
-0.042698
0.091596
-0.032881
-0.015844
0.033876
-0.051477
-0.057781
-0.100641
-0.003684
0.018926
0.020613
-0.093928
-0.110679
-0.135112
0.125091
-0.131577
0.343631
0.038049
0.257368
0.059515
-0.158174
-0.098953
-0.080670
-0.032224
-0.034624
0.037919
0.026888
0.049887
-0.077854
0.003523
-0.028353
-0.627824
0.132262
0.068457
0.205277
-0.009338
-0.172023
-0.021849
0.195337
0.046920
0.000509
0.101332
0.001330
-0.041800
0.065779
-0.381586
0.017339
0.151366
-0.075701
-0.043874
-0.010675
0.000909
-0.021498
0.030719
0.002439
0.247518
0.157834
-0.010288
-0.053799
-0.123683
-0.148493
-0.118719
-0.033610
-0.180485
0.022954
0.026495
-0.005977
0.029792
0.008370
0.037714
-0.035160
-0.031488
-0.032018
0.004034
0.043070
-0.190565
-0.135677
-0.199873
0.045982
-0.145603
0.226360
0.061738
-0.277717
-0.014328
0.279118
-0.131716
0.032455
0.009086
-0.148759
0.203526
0.006513
0.059190
0.096364
0.094703
0.175067
0.066915
-0.000294
-0.132485
-0.020290
0.113225
-0.110654
0.128953
-0.194717
-0.053927
-0.013824
0.018622
0.080020
-0.112849
-0.118472
-0.290286
-0.059275
0.001507
0.094367
-0.121777
0.115064
0.096901
-0.125218
-0.078209
0.094236
0.167956
0.034878
-0.050570
-0.398428
0.019333
0.070161
0.056228
0.332063
0.005653
0.133589
0.105890
0.063384
0.014749
0.035337
0.100701
-0.021019
0.206545
-0.000008
0.228289
-0.257906
-0.064437
-0.130260
0.028727
-0.155085
0.034597
-0.008353
-0.094279
-0.026672
0.035505
0.040444
0.052801
-0.044300
-0.084704
-0.054417
-0.017646
0.078224
-0.089222
-0.077800
-0.019283
0.018813
-0.507823
0.195128
-0.014182
-0.126100
0.106603
0.229460
-0.060591
-0.104171
-0.194719
-0.047418
0.047660
0.176282
-0.229881
-0.175874
-0.015920
-0.019943
-0.021589
0.164225
0.034708
-0.109996
-0.073106
-0.072487
-0.058981
0.081249
-0.168235
-0.042465
-0.388056
0.310340
0.044200
0.037437
0.038762
-0.102512
0.001976
0.202526
0.133274
-0.164999
0.060513
-0.075633
-0.023116
-0.033253
0.066382
-0.089822
0.066902
0.038001
-0.117008
-0.024467
-0.483056
0.040685
-0.043200
0.175452
0.123177
-0.064605
-0.033139
0.177117
-0.053640
0.113770
0.019767
-0.257431
0.225858
0.091290
0.244465
0.043044
-0.029360
0.068219
0.065974
-0.302425
-0.019180
-0.022562
-0.142749
-0.064509
0.025094
0.056881
-0.183384
-0.017002
-0.095843
0.052750
0.023100
0.151914
0.037094
0.403687
0.087068
-0.074298
0.028634
0.001444
-0.015456
0.026073
0.070698
0.021509
0.013973
-0.089930
-0.151392
-0.096378
0.080753
0.095689
0.307109
-0.011631
0.200920
-0.069923
-0.050895
-0.047017
-0.067680
-0.094422
0.052310
-0.016560
0.095620
0.272019
-0.240923
0.032268
-0.002026
-0.127328
-0.063745
-0.110915
-0.056177
0.103184
-0.131838
-0.063261
-0.077081
0.087478
0.077325
-0.047463
0.001555
0.006585
-0.108824
-0.074604
-0.023724
0.064750
0.012262
-0.005889
-0.013613
-0.068353
0.171126
-0.076715
0.246552
0.371220
0.079699
-0.009970
-0.078589
0.283126
-0.078305
0.009859
0.070348
-0.105327
-0.241546
-0.129096
-0.076455
0.036703
-0.059023
0.006281
-0.072005
0.074024
0.111977
-0.127567
-0.069249
0.087156
0.103717
0.147193
-0.191775
-0.182040
0.002715
-0.170293
-0.130357
-0.198555
-0.099563
-0.193313
-0.113994
-0.058992
0.103406
0.028528
0.200136
0.161562
-0.021917
-0.385505
-0.013538
-0.107533
0.042791
-0.182836
-0.003770
0.071584
0.039624
-0.003486
-0.083209
-0.004720
0.097943
