(64,)
0.079013
-0.046919
-0.118704
0.107741
-0.009352
-0.539581
0.051950
0.024893
0.095315
-0.070707
-0.128573
-0.033684
0.001755
-0.081097
-0.043634
0.148603
-0.051481
-0.122392
-0.115726
-0.113938
-0.151183
0.109529
0.071462
-0.241629
0.113050
-0.248181
-0.046949
0.029701
-0.025567
0.033253
-0.050518
0.182299
-0.051257
-0.077776
-0.031884
-0.074348
-0.016678
0.095680
0.145072
0.107124
-0.067789
0.007289
0.464119
0.000321
-0.941862
-0.092071
-0.160297
-0.047014
-0.008587
-0.009908
0.004322
0.070845
0.064861
-0.079852
-0.006555
-0.019553
-0.078239
-0.081063
0.228281
-0.544236
0.268512
-0.127558
-0.092271
-0.059361
