(256,)
0.004466
-0.003350
-0.000480
0.004700
-0.002207
0.004527
0.013036
0.000205
0.025210
0.025071
0.019571
0.007852
0.003701
0.005230
0.016333
0.006763
0.010553
0.008770
0.021760
-0.000645
0.005041
0.001477
0.002944
0.007483
0.011504
0.033545
-0.002669
0.026897
-0.000279
0.004223
0.001732
0.000623
0.006137
0.005612
0.004956
0.021607
-0.000106
0.006993
0.004439
0.006489
0.004217
0.007620
0.011358
0.008070
0.002488
-0.001318
-0.006992
0.023347
0.009601
0.004395
0.018153
0.006993
0.013645
0.003022
0.011318
0.007785
-0.000342
0.014026
0.003117
0.008101
0.011313
0.006281
0.010879
0.006941
0.003438
0.003606
0.001019
0.013827
0.014948
0.013496
0.009928
0.006214
0.007077
0.010769
0.002066
0.008759
0.022028
0.000395
0.009310
0.002159
0.007829
-0.004844
0.009007
-0.002387
0.035049
0.006094
0.028734
0.003123
0.014025
0.016470
0.013791
0.008666
0.002136
-0.004351
0.002909
0.003156
0.012836
0.014407
0.002349
0.020961
0.005186
0.009215
0.004483
0.011503
-0.002371
0.004662
0.000700
0.000719
0.003871
0.005374
0.004216
0.005599
0.013343
0.003240
0.010751
0.004977
-0.001782
-0.003873
0.011364
0.006515
0.008613
0.008263
0.013522
0.011846
0.001903
0.005940
0.007059
0.003690
0.005107
0.003250
0.000741
0.012429
0.003031
0.007507
0.007799
0.001231
0.014575
0.007598
0.001870
0.002618
0.004477
0.008732
0.002709
0.000609
0.009252
0.004563
0.004385
0.007906
0.012051
-0.004406
0.009319
0.026197
0.002943
0.004357
0.002468
0.000245
0.011742
0.005460
0.009483
0.004987
0.002970
0.010508
0.010101
0.012262
0.008556
-0.000123
0.015445
0.006510
0.008799
0.003113
0.001759
0.006002
0.009299
0.004578
0.001935
0.019582
0.000051
0.015951
0.003548
0.019571
0.009154
-0.000873
0.008904
0.005698
0.007522
0.010231
0.012788
0.006554
0.002543
0.012545
0.025661
0.016534
0.004703
0.011908
0.013758
0.009581
0.019548
0.009120
0.002214
-0.009136
0.006505
0.012041
0.015939
0.000925
0.010941
-0.003459
0.003876
0.001274
0.012197
0.007965
0.003453
0.013394
0.002457
-0.004075
0.006308
0.004331
0.007018
0.006252
0.001728
0.003467
0.006730
0.012112
0.005484
0.000496
0.001696
0.017697
0.021222
0.002620
0.006006
0.010183
0.009125
0.005049
0.003060
0.017649
0.006160
0.005995
0.009106
0.006644
0.003893
0.014470
0.005574
0.003878
0.001443
0.015501
0.013860
0.015093
0.008438
0.009132
-0.003702
0.008873
0.030571
0.009329
0.009734
0.006773
0.007085
0.009979
