(1, 1, 48, 192)
0.094860
0.010787
0.095948
-0.141158
-0.072508
0.094871
0.001219
-0.030514
-0.109256
-0.090452
-0.020530
0.071975
0.026456
0.034208
-0.074603
0.119902
0.028193
-0.072059
0.045454
-0.066383
-0.111692
0.074725
-0.090937
0.101000
-0.185382
-0.105997
0.071256
-0.141056
-0.092574
-0.076103
-0.027155
0.060357
0.080465
-0.110013
0.016657
-0.002982
-0.116014
-0.025385
0.148992
0.023032
-0.131278
-0.089564
-0.060472
0.136251
0.013732
-0.079083
0.002711
-0.074614
0.017499
-0.119222
-0.059536
0.109655
-0.091653
-0.015545
0.015251
-0.041123
0.083745
0.096258
0.000905
-0.262874
0.069346
-0.088818
-0.165240
0.023516
-0.094899
-0.110574
-0.006637
-0.013452
0.002397
-0.055670
-0.148469
-0.035745
0.190901
0.023667
-0.115368
0.048721
0.180014
0.091527
0.052180
0.079885
0.067763
-0.135325
-0.121613
0.076364
-0.007527
0.057815
0.084646
0.009961
0.117479
0.010207
-0.008939
-0.079607
0.015469
-0.048520
-0.000816
0.160866
-0.026736
-0.070020
0.033269
0.009443
0.026281
-0.022054
0.210725
-0.022304
0.004202
0.001529
-0.074178
-0.039948
-0.047887
-0.139570
-0.020190
0.116217
0.030095
-0.031413
0.071702
0.175229
-0.010557
0.024105
-0.024659
-0.026195
-0.106265
0.035024
0.009773
0.021948
-0.021261
-0.188329
0.010976
-0.102150
-0.037512
-0.110348
-0.010285
-0.067584
-0.100040
-0.008088
-0.140249
-0.039446
-0.144567
0.217169
0.096312
0.268326
0.015614
-0.032620
0.034208
0.049562
-0.219731
0.077782
0.091305
-0.070733
0.053534
0.076223
0.020356
0.064074
-0.002930
-0.079412
0.033338
0.110055
-0.163095
-0.089482
0.017385
-0.160900
0.124470
-0.053088
0.039681
-0.020340
0.007251
-0.163007
-0.003288
0.174355
0.090089
0.064865
-0.064670
-0.095470
0.050212
0.083434
-0.132827
0.050142
0.119321
-0.041597
0.172716
0.053879
0.003048
-0.179035
0.118028
-0.088444
0.133617
-0.003509
-0.042226
0.174072
0.091063
0.021944
-0.106341
-0.158119
-0.035198
0.084430
-0.122569
-0.066659
-0.073661
-0.091147
0.138038
-0.068509
0.037667
-0.054337
0.117197
0.166175
-0.115098
-0.001581
-0.152462
-0.042873
0.072819
0.207867
0.002297
-0.074479
-0.090155
-0.018654
-0.102319
-0.017151
0.077013
0.096512
-0.049188
-0.052514
0.087738
-0.049317
0.023509
-0.066455
0.060317
-0.052670
-0.035609
0.062045
0.018511
-0.038517
0.113360
-0.055402
0.011854
-0.003109
-0.072997
-0.124673
0.004564
0.016129
0.079058
-0.087595
0.058750
-0.040659
-0.006479
0.099335
-0.104459
-0.007680
-0.117886
-0.051102
-0.058116
0.054583
0.014043
-0.181027
-0.100614
-0.143465
-0.000516
0.133288
0.026148
0.072449
0.095219
-0.016476
-0.027308
-0.059766
-0.089121
-0.028827
-0.081312
-0.081616
-0.051818
0.036274
0.006652
-0.049491
-0.019173
0.034003
-0.024906
-0.056224
-0.093702
0.052485
-0.070867
-0.049005
-0.001574
-0.006064
-0.140485
0.074268
-0.107097
0.197924
-0.064062
-0.084985
-0.121111
0.101659
0.087263
0.011456
-0.038618
-0.070138
0.019767
-0.142100
-0.068238
-0.083057
-0.119995
0.114924
0.155880
-0.020957
0.038355
0.076888
0.069485
-0.030658
-0.025299
0.006646
-0.151967
-0.044519
0.026785
0.205045
0.217388
0.023409
-0.088049
0.039388
-0.051073
-0.014697
0.054136
-0.015936
-0.080207
0.036635
-0.084905
-0.094356
0.060146
0.090540
-0.054633
0.162077
-0.070905
0.048215
0.144504
-0.047843
0.150775
-0.013008
-0.063553
0.028710
-0.011429
-0.040357
-0.058703
0.065042
0.111763
0.045538
-0.047631
0.002114
-0.062077
-0.073113
-0.165144
-0.044546
-0.008895
0.085619
0.077757
-0.084469
-0.028145
-0.087882
0.065081
-0.061999
0.042701
-0.002104
-0.028680
0.000828
-0.087799
0.043569
0.000601
0.066965
0.030605
-0.066093
0.089782
-0.125208
-0.088745
-0.021835
-0.068782
0.006837
-0.099333
0.091660
-0.040647
-0.046834
0.159258
0.064616
-0.053806
0.082298
-0.002620
0.082558
-0.055880
0.089406
0.079346
-0.250790
0.035639
0.048860
-0.084445
0.007722
0.016071
-0.058453
0.027806
-0.003070
-0.002710
-0.006630
-0.063447
-0.114550
0.059722
-0.055018
-0.074004
-0.019745
-0.033638
-0.011400
-0.065429
-0.077892
-0.033637
0.029088
0.033552
-0.015554
-0.049835
0.046484
-0.051595
-0.029877
0.077133
0.067575
0.002893
0.014436
0.103133
-0.016893
-0.008201
0.059404
-0.024193
-0.071184
-0.036544
0.044285
-0.011537
-0.068600
0.011873
0.064714
0.004396
0.092106
0.008400
-0.055064
-0.015791
-0.067781
0.129756
-0.057864
0.029142
0.097375
0.022427
0.093788
-0.136337
-0.085019
-0.116345
0.062149
0.134339
0.031233
0.053945
-0.051888
0.019386
0.100275
-0.121565
-0.013114
-0.004290
0.078908
0.041262
0.011935
0.014776
0.017301
0.027463
-0.049950
-0.060015
-0.008570
-0.001593
0.052775
-0.076738
-0.003236
0.007795
-0.096928
-0.020223
-0.052736
-0.078474
0.017861
0.031337
-0.023620
-0.133480
0.040990
-0.007509
0.026150
0.134172
-0.099322
0.068217
-0.063057
0.015658
0.018411
-0.053113
-0.000902
-0.088450
0.084459
-0.017163
-0.010004
-0.021787
-0.067326
-0.048294
-0.034572
-0.063803
0.026205
-0.029713
0.040048
-0.022412
-0.007479
-0.023580
-0.104770
-0.083536
0.058927
0.023913
0.030548
-0.056406
0.000157
-0.026906
-0.040996
0.050759
0.040857
0.012297
0.035613
-0.034841
-0.105753
-0.007576
-0.015318
0.039111
-0.054699
0.036058
0.044543
0.008042
0.058211
-0.050656
-0.054955
-0.086319
-0.054267
0.032803
-0.080038
-0.025263
-0.023939
-0.033974
-0.047256
-0.072320
0.026595
-0.028988
0.032527
-0.031016
-0.010641
-0.100606
-0.074026
-0.130304
-0.021357
-0.016404
-0.046336
0.053494
-0.054795
-0.041120
0.040810
0.040125
0.117026
0.101634
-0.044823
-0.124806
-0.001272
0.018949
-0.007767
0.004890
-0.096843
0.028320
-0.041892
0.016347
-0.004483
0.004257
-0.030465
-0.105061
-0.063706
0.074014
-0.023225
-0.034728
0.048648
0.000817
0.007401
0.052182
0.035363
-0.088664
-0.066919
-0.058803
0.028681
0.039814
-0.080776
-0.131865
-0.062136
-0.085749
-0.078655
0.127835
-0.016939
0.002934
-0.044444
-0.202944
-0.121149
-0.044861
0.177901
0.073834
-0.041151
-0.099293
0.090093
0.016778
-0.050274
-0.172515
0.006645
0.174665
0.144861
-0.088924
0.104560
0.075933
0.014484
0.016589
-0.034184
-0.033868
0.013532
0.104819
-0.074909
-0.023142
0.092392
0.120567
0.065457
-0.019571
0.019304
0.058139
-0.062236
0.045989
-0.119195
0.030229
-0.040590
-0.080326
0.170502
-0.109430
-0.011526
0.055012
0.239830
0.076840
0.059975
-0.141369
-0.009929
-0.077405
-0.082164
-0.064599
-0.077788
0.006388
-0.107409
0.062586
-0.001176
0.037080
0.034988
-0.112103
-0.074237
-0.029146
0.028803
-0.071307
-0.091816
0.104788
-0.086626
0.066514
0.224801
-0.102553
-0.091947
-0.126337
-0.026954
-0.024484
-0.046213
-0.106736
-0.007029
-0.060204
0.073195
-0.095510
-0.092668
-0.056727
0.053601
-0.017031
0.032868
-0.158556
-0.139612
-0.323379
-0.096350
-0.203938
-0.118092
0.145057
-0.035999
0.035462
-0.075483
0.034254
0.036571
-0.110468
-0.016246
-0.078051
-0.058665
-0.094817
0.154738
0.092410
-0.173788
-0.031667
0.012158
-0.092595
-0.176612
-0.085825
-0.104860
0.062966
0.006771
-0.014044
-0.138733
0.109739
0.045073
-0.005549
-0.133870
-0.157564
-0.022802
0.143940
0.082339
0.038689
-0.039143
-0.083067
-0.006835
0.094847
-0.000883
-0.028125
-0.029928
-0.130384
-0.082369
-0.130052
-0.057370
-0.058307
-0.030103
0.061905
-0.123921
-0.047799
-0.183839
-0.034489
0.098667
-0.085895
-0.153965
0.050741
0.036804
0.066438
-0.093235
-0.039227
-0.114321
0.081350
-0.110540
-0.169817
-0.045102
-0.053491
0.058286
0.085504
0.003455
-0.092502
-0.007016
0.009580
-0.053048
-0.077963
-0.032377
-0.083971
-0.057167
-0.038379
-0.019810
0.023730
0.011517
0.030969
-0.107845
0.023124
-0.133267
0.107263
-0.105740
-0.006545
0.125126
-0.054838
-0.030884
0.087161
0.202877
-0.097944
-0.030980
0.023595
0.012118
0.129672
0.066965
-0.095096
0.018346
-0.001093
0.070203
0.071826
0.032920
-0.067918
0.047847
0.082378
-0.053924
0.117216
-0.117502
0.162198
0.011245
-0.060551
0.010539
-0.028978
0.248192
0.026766
-0.046611
0.107235
0.015459
0.042068
-0.057892
-0.064271
-0.014514
-0.187688
-0.207573
0.076444
0.061963
-0.023620
-0.069066
0.055521
-0.045087
0.139815
0.147899
0.020652
0.068704
0.080884
0.001184
0.002913
-0.090391
0.057103
-0.097626
0.076738
0.125750
0.125100
0.040974
-0.059401
-0.089196
-0.060110
0.041851
-0.001311
-0.026409
0.127660
0.332092
0.100463
0.026919
-0.068217
-0.012770
-0.279609
-0.084920
0.132651
0.008418
0.022229
0.044849
-0.065991
0.058822
-0.021594
-0.080823
-0.021965
0.082243
0.076106
0.004474
-0.025087
-0.029847
-0.044420
-0.161290
0.021180
-0.026823
0.196113
-0.069253
-0.058685
0.048241
0.067102
0.073042
-0.036415
0.080224
-0.040429
0.102313
0.080019
0.001090
-0.006389
-0.168163
-0.068017
0.088015
-0.159667
-0.097154
0.102630
0.012065
-0.054444
0.107607
-0.010249
0.068069
0.061932
-0.047247
0.034392
-0.027737
-0.197991
0.056858
0.003821
0.071169
0.048425
0.140198
0.046484
-0.217601
-0.133226
0.071768
0.122175
0.019678
0.119334
0.063667
-0.023504
-0.070849
0.125640
0.016211
-0.073641
-0.072740
0.027014
0.041553
0.145641
-0.161678
-0.074451
0.000804
0.043995
0.023094
-0.070777
-0.077466
0.179859
-0.033191
-0.125466
0.092563
0.049934
-0.038577
-0.015419
-0.037749
0.109001
0.018784
-0.062883
0.045398
0.021141
0.078499
0.101011
-0.031992
0.057495
0.021625
0.090412
-0.025716
0.019201
0.098749
0.071158
-0.174454
-0.012780
0.077780
0.004827
0.005243
-0.044487
-0.093763
-0.087725
-0.137428
0.145937
-0.016780
-0.063149
0.012848
0.089777
-0.017892
-0.031596
-0.060218
0.016045
0.135902
0.074028
0.007167
-0.031720
0.003484
0.023153
-0.054289
0.095704
-0.019114
0.007048
0.067567
0.021423
0.008459
-0.078327
0.119756
0.002751
-0.041289
0.114832
0.027422
0.029527
-0.002319
0.016034
0.111199
0.032102
0.029091
0.017044
0.039745
0.019122
0.062602
0.108559
0.028830
-0.080055
-0.148789
0.118299
0.038655
0.023662
0.027479
0.054920
-0.058649
0.060621
-0.018493
-0.110936
-0.011302
0.021307
-0.094860
0.047674
0.016520
0.158171
-0.099632
-0.023163
0.042871
-0.078968
0.039338
0.055983
0.120828
-0.041096
-0.006777
0.083539
-0.030752
0.021074
-0.021747
-0.007947
-0.001944
0.173474
0.095366
0.019092
-0.012111
0.057158
-0.048750
0.055199
-0.011301
0.032492
0.095429
0.072922
0.013574
0.125925
0.000415
0.094865
-0.074072
0.127158
0.095163
-0.028201
-0.087920
-0.087412
-0.025461
-0.057495
0.094372
-0.004288
-0.008136
-0.001964
-0.045739
-0.015969
-0.008621
0.006172
-0.071865
0.014612
0.104637
-0.048111
0.040246
0.043740
0.115248
0.072461
-0.036010
0.062285
0.073426
-0.004331
-0.022202
0.032184
-0.048492
0.071373
0.083484
0.034557
-0.020263
-0.121298
0.046383
0.053663
0.108003
0.007575
0.053651
-0.095786
0.016622
0.101056
0.042700
-0.020301
0.050766
0.045943
0.075517
-0.020574
0.070736
-0.031371
0.186343
0.088337
0.030713
0.114026
0.041162
-0.021716
0.211350
0.084133
0.007978
0.075462
0.036931
0.021226
0.084361
0.054795
-0.010067
0.164404
-0.004612
-0.022787
0.068476
-0.015906
0.055403
0.136478
-0.010944
0.044576
0.168578
0.041748
0.039445
0.092536
0.045705
0.090701
0.098030
-0.031107
0.061566
0.084783
-0.012784
0.031494
0.063004
-0.031853
-0.028248
0.148949
0.013178
0.023766
0.056427
-0.102043
-0.096383
-0.022290
0.034019
-0.002105
0.029128
0.062585
-0.024391
0.050610
0.043979
-0.020360
0.030298
0.080138
-0.038448
-0.042414
0.031898
-0.156131
0.018024
-0.090409
-0.003877
0.052325
0.000183
0.140426
0.080545
0.119719
0.015527
-0.002320
-0.066348
-0.058039
-0.084220
-0.050111
0.129758
0.046079
0.013516
0.020886
-0.025357
0.013430
-0.009267
-0.087847
-0.083199
0.013797
0.033543
0.092672
-0.021589
0.056482
-0.017971
0.007467
0.030781
-0.049317
-0.020686
0.055422
-0.065370
0.053420
0.000743
-0.066674
0.034541
0.005492
0.055781
0.019321
0.010890
-0.063709
-0.016070
-0.092557
-0.020564
0.010004
-0.000315
-0.084196
0.076012
-0.029441
0.039370
-0.032957
0.015871
0.072414
-0.103133
0.128469
0.071371
0.070239
0.060423
0.057089
0.096319
0.029594
0.122310
-0.056121
0.010817
0.049702
-0.017913
-0.146019
0.024988
-0.049893
-0.070635
0.039905
-0.087901
-0.016073
-0.067215
0.107284
-0.017758
-0.012612
0.062391
-0.020329
0.029883
-0.039848
0.021995
-0.056269
-0.020443
0.067950
0.044322
0.197519
-0.000071
0.094094
0.080865
-0.018811
0.053795
0.060239
0.031799
-0.010386
0.045000
0.077217
0.019622
0.030526
0.069727
-0.033021
0.007426
0.132640
0.043028
0.098052
0.102120
0.011525
0.077988
0.089028
-0.063065
-0.000106
0.022252
0.068326
-0.075971
0.042647
0.036638
0.003190
0.014574
0.098401
0.048261
-0.123816
0.022310
-0.022958
-0.055784
0.095756
-0.050872
-0.174454
0.037572
-0.038395
0.091431
0.045364
0.033869
-0.074920
-0.084850
0.016385
0.001812
-0.062144
0.042502
0.009462
0.019888
0.055307
0.021723
0.056610
0.109902
0.071005
-0.169547
-0.000283
-0.059396
0.013952
-0.017090
-0.035894
-0.100241
-0.066116
-0.062420
-0.021273
0.117731
-0.074616
-0.060262
0.105968
-0.120222
0.090937
-0.025228
0.000330
0.042384
-0.012226
-0.019290
-0.028887
0.080782
0.076481
0.095937
-0.139708
0.091258
-0.053927
0.054260
0.031042
-0.032500
-0.168653
0.129781
0.012088
-0.007682
0.040925
0.090231
0.058329
-0.015272
0.027627
-0.021153
0.155767
0.038043
0.079588
-0.059914
0.030649
-0.034227
0.061522
-0.146573
0.015876
0.072734
-0.019647
0.014577
-0.045565
-0.078954
-0.028629
0.019472
-0.095943
-0.020698
0.023017
-0.029863
-0.125581
-0.013839
-0.085717
0.002019
0.078165
0.002690
-0.053134
-0.031940
0.000438
0.159403
-0.087765
-0.071519
0.047245
0.041075
0.000283
-0.006440
-0.007547
-0.152837
0.042192
-0.062234
0.020924
0.070263
-0.146434
-0.134384
-0.040878
0.021868
0.141091
-0.108279
0.087339
0.055364
-0.052374
0.055877
-0.165362
0.059827
0.064049
-0.000791
-0.112419
0.042247
-0.068594
-0.056017
-0.199200
0.073316
-0.055519
-0.009971
-0.076599
0.028466
0.057075
0.069216
0.014322
0.240483
0.095494
0.055465
0.010376
0.067833
0.018563
0.039011
-0.052925
0.098052
-0.005660
0.065846
-0.065369
0.008812
0.035615
0.050160
-0.033913
0.143294
0.245908
0.010686
0.086822
-0.174076
0.047115
0.006725
-0.006660
0.095059
-0.043359
-0.011858
-0.052560
-0.006724
0.089478
0.093710
-0.126294
-0.021948
-0.011050
0.004494
-0.054989
-0.114909
-0.041937
-0.029839
-0.053663
0.002113
-0.037690
-0.052274
0.111909
-0.013983
-0.140637
0.133095
0.035100
-0.061982
0.022873
0.053811
-0.087648
0.055357
-0.124560
0.002799
-0.017238
0.170437
-0.038558
-0.061070
0.083561
-0.010308
-0.121005
0.051603
-0.044092
-0.087059
-0.002382
-0.116143
-0.056585
-0.081322
0.101633
0.095338
0.012351
-0.059995
-0.047663
-0.116631
-0.167531
-0.002442
-0.153709
-0.104442
-0.099485
-0.022767
-0.044097
0.081448
0.045534
0.088715
-0.096248
0.122958
0.009667
-0.045006
-0.032094
0.006502
-0.134739
0.050905
-0.059155
-0.134835
-0.068623
0.098781
-0.023203
-0.059107
-0.088636
-0.197309
0.021082
0.214750
-0.062883
-0.217106
0.130357
-0.122098
-0.152963
-0.047368
0.062315
-0.098840
0.013642
0.007411
0.041574
0.006141
-0.018306
-0.004118
-0.031184
-0.126135
0.033085
0.080543
-0.070876
0.324521
-0.051248
0.103740
0.179075
-0.128831
-0.049443
-0.014239
-0.178916
-0.082599
-0.003922
-0.016980
-0.034118
-0.003402
-0.070684
-0.005265
-0.089767
0.011542
-0.066522
0.004725
0.079039
0.069776
-0.002280
0.001362
-0.067771
0.078876
-0.077235
-0.015567
-0.125978
-0.013498
-0.050749
0.042185
0.058744
-0.016392
0.079524
-0.000304
0.028362
0.033854
-0.182566
0.032519
-0.012512
-0.036769
0.011974
-0.034094
-0.017002
-0.023685
-0.071897
-0.087470
-0.003180
-0.015726
-0.011131
-0.036653
0.047157
-0.079316
-0.058616
-0.007403
-0.001286
0.058830
-0.019746
0.015040
-0.044858
-0.029661
-0.028985
-0.045102
0.033256
-0.100249
-0.044110
0.127271
-0.051793
-0.045399
-0.029721
0.089276
-0.029218
-0.012278
0.100191
-0.088125
-0.030208
-0.050874
0.086288
0.044304
-0.052346
-0.065750
0.018430
-0.073019
0.090196
0.032729
0.101703
0.037023
-0.042568
0.027114
-0.061399
-0.109435
-0.092662
-0.025222
0.005459
-0.106322
0.004332
0.032280
-0.034470
0.094907
0.001153
-0.037731
-0.068811
0.036766
0.140264
-0.031530
-0.118341
-0.040877
0.017482
-0.003701
-0.015879
0.062410
-0.026233
0.109185
-0.003589
0.042651
0.038570
-0.063001
-0.014797
-0.043838
-0.079517
0.039709
-0.058418
-0.021695
-0.027723
-0.047656
-0.107243
-0.037846
0.005683
0.023900
0.009806
-0.015433
-0.006453
-0.068920
0.058772
-0.011115
0.094280
0.016193
-0.080248
0.010505
-0.073054
0.003318
-0.009963
0.059633
0.137500
-0.071120
-0.021048
0.021186
0.001747
-0.069411
-0.034754
-0.058570
-0.079436
0.016914
0.140230
-0.036814
0.076566
0.016371
0.063346
-0.028570
-0.121322
0.077017
-0.124164
0.065537
-0.143724
-0.041048
-0.037974
0.143988
0.011823
-0.044094
0.009612
-0.011922
-0.060298
0.024594
-0.053174
0.054419
0.111404
0.076167
-0.042484
-0.001153
-0.113258
-0.092820
0.063840
0.022714
0.005998
-0.021844
-0.100338
-0.082971
0.110733
-0.021529
-0.056942
-0.065778
-0.034740
0.053908
0.043482
0.123782
0.011223
0.057186
-0.008142
-0.055245
-0.053265
-0.055364
0.042993
0.048358
-0.000536
-0.028980
-0.116120
-0.007080
-0.121481
0.007446
0.037407
-0.048553
-0.093669
-0.034070
-0.168873
0.103225
0.048168
-0.004870
-0.085880
0.061171
0.210970
-0.048577
-0.046240
-0.074395
-0.059365
-0.099955
-0.005241
0.002511
0.006011
-0.016839
-0.121193
-0.103621
-0.084298
0.275005
-0.007995
-0.140124
0.013122
-0.038132
-0.052122
0.022970
0.027325
-0.002592
-0.091500
0.059430
-0.034300
-0.029694
0.030058
0.105112
-0.082393
-0.042981
-0.027064
0.000214
-0.090263
-0.168990
-0.039975
-0.019828
0.009873
-0.012829
-0.003790
-0.081709
-0.142334
-0.061754
0.024204
0.002036
-0.111933
-0.007601
0.032955
-0.106760
0.073036
-0.033420
-0.049158
0.084309
-0.046970
-0.064269
-0.018593
-0.008804
0.027353
-0.000148
-0.040533
0.028915
0.018224
-0.105266
-0.006808
-0.170538
-0.034558
0.011827
-0.021202
-0.091876
-0.022862
-0.100967
-0.079636
0.015633
-0.036435
-0.059965
-0.138684
0.052628
-0.076808
-0.096451
-0.016117
0.004420
-0.086366
-0.012509
-0.090519
-0.099176
-0.025307
0.107245
-0.004014
0.146205
-0.075707
-0.001229
-0.023024
-0.014119
-0.093945
0.042916
0.144772
-0.009136
0.101096
0.054064
-0.006084
-0.015379
-0.028240
-0.107236
-0.134517
0.050437
-0.048077
0.014961
-0.034489
0.051195
-0.015557
-0.045151
-0.006330
-0.035281
0.016057
0.164910
0.032916
-0.195465
0.062337
-0.015646
-0.034063
-0.033160
-0.085755
0.071204
0.013887
-0.007092
-0.132232
0.049013
-0.034284
0.099616
-0.043297
-0.017647
-0.063197
-0.135251
0.062543
0.050237
-0.064900
0.004490
-0.090898
0.013998
-0.120181
-0.031696
0.012983
-0.021469
0.119682
-0.003543
0.001728
-0.065005
0.108528
-0.037864
-0.046968
-0.015449
0.009201
0.074107
-0.100812
-0.094142
0.160333
-0.055129
-0.043697
0.014930
0.080076
0.069546
0.006461
0.097234
0.101126
0.009392
0.024310
0.023587
-0.081585
0.011343
-0.067819
0.060896
-0.046165
0.013629
-0.020765
0.077220
-0.019100
0.031221
0.049196
-0.013995
-0.097966
-0.090874
-0.024289
-0.013477
-0.040162
-0.078427
0.025463
-0.020867
0.039815
-0.047055
-0.084196
0.044487
-0.063398
-0.002647
-0.004398
-0.032376
-0.007150
-0.036207
0.012856
-0.013459
0.007483
0.037333
-0.077144
0.014125
-0.067686
0.065217
-0.049244
-0.069576
-0.019425
-0.068537
-0.013081
-0.035648
-0.106103
0.051640
-0.026953
-0.072357
-0.048705
-0.044660
0.004176
-0.044576
-0.030133
-0.041016
0.012429
0.028213
0.069248
-0.060881
-0.022021
-0.080549
0.107781
-0.083928
-0.042576
-0.045986
0.019642
0.105498
-0.000427
0.036649
-0.059297
-0.042795
-0.065884
0.026416
-0.021441
-0.080354
-0.087528
0.019071
0.066481
-0.083378
-0.008196
0.044201
-0.049532
-0.029540
0.006215
0.064909
-0.057794
-0.028481
-0.058390
0.024219
-0.002933
-0.004678
0.006743
0.017043
0.062024
-0.067361
0.023502
0.050220
0.018187
0.067554
0.036887
-0.083672
-0.007816
-0.051423
0.030330
-0.060783
-0.021371
-0.021353
-0.035439
-0.011192
-0.062071
0.022825
-0.024360
-0.113785
-0.042392
-0.057438
-0.023554
-0.027315
0.069929
0.017688
0.002355
0.041906
0.008064
-0.034483
-0.065856
0.010250
-0.042735
-0.015965
-0.027251
-0.005935
0.054784
0.060554
0.007688
-0.041607
-0.065898
-0.102232
0.093627
-0.051524
-0.017971
0.027522
-0.079037
0.040227
0.039759
0.043731
0.013384
-0.034116
-0.045363
-0.051261
0.029985
-0.088167
-0.002312
-0.012835
-0.025544
0.014249
0.057922
0.009980
0.038566
-0.013850
-0.030590
-0.088876
-0.012488
-0.131362
-0.124103
0.071748
-0.056731
0.014140
-0.046680
0.023653
-0.043747
0.007952
-0.055741
-0.064687
-0.011676
0.008322
0.013507
0.017338
0.005451
0.031542
-0.024084
-0.008435
-0.003872
-0.046018
0.002266
-0.045934
0.030810
-0.068965
-0.077145
-0.012022
0.034750
0.031023
0.014215
-0.069411
-0.053745
-0.008105
0.028918
-0.065668
0.035351
0.008110
0.011327
-0.010614
-0.056879
0.032216
-0.001919
0.035794
-0.234058
-0.023277
0.156683
0.016222
0.266219
-0.049877
0.181826
-0.074790
0.019075
0.029348
0.095397
0.071705
0.036118
0.009703
0.083842
0.133419
-0.040714
0.066886
-0.006450
-0.028767
-0.026225
-0.035876
-0.060959
0.016693
0.131398
-0.096079
0.037023
0.025181
-0.008920
0.011719
-0.012355
0.061658
0.047111
0.070471
0.206729
0.036826
0.074689
-0.121330
-0.034637
0.013748
-0.018617
-0.002349
-0.041320
-0.017462
0.026389
-0.164573
0.019517
0.149354
-0.039087
0.061566
-0.055575
0.010055
-0.201788
-0.038550
-0.012176
-0.066401
0.080654
-0.023611
0.095393
0.121743
0.014204
0.033202
-0.035766
-0.107194
-0.028425
-0.067440
-0.035770
0.104933
0.137340
-0.043169
-0.112467
0.028496
-0.080790
-0.094265
-0.039113
-0.045522
0.055606
0.053296
0.151335
0.017809
0.005272
0.033112
0.110599
0.066070
-0.025425
0.207461
-0.060328
-0.069922
-0.069506
-0.034981
-0.058328
-0.094170
-0.139040
0.043484
0.137365
-0.050695
0.057107
0.022069
0.086846
0.024927
-0.007528
0.048996
-0.053053
-0.114269
0.112910
-0.065749
-0.050755
0.053724
0.032862
-0.135473
0.058068
-0.004433
-0.033067
0.006044
0.005583
-0.096885
0.160865
-0.128893
-0.098980
0.053366
0.155721
-0.097048
0.086887
0.037166
-0.029279
0.158143
0.051094
-0.059909
-0.189617
-0.048427
0.058179
0.003294
-0.116532
-0.139752
0.149349
-0.055215
-0.009145
-0.002829
-0.069657
0.010150
0.042630
0.068236
-0.029036
-0.037221
-0.084521
-0.138410
-0.032994
0.036577
0.138508
-0.005673
0.084817
0.057616
0.210359
0.083538
-0.103002
0.003875
0.092004
-0.030725
-0.127580
0.001528
0.050407
-0.090276
0.004027
0.014875
0.045426
0.129648
0.056673
0.071842
-0.070410
0.124008
0.133377
0.058457
-0.024997
0.026794
0.114382
0.102266
0.140277
0.042334
0.100061
0.047477
-0.034614
0.037311
0.055704
-0.057281
0.037296
-0.056833
-0.043257
0.116868
-0.022041
0.006044
-0.000035
-0.068539
-0.023083
-0.016691
-0.053664
0.012462
0.063205
-0.027282
-0.020691
-0.007900
0.025304
0.108782
-0.137851
-0.064856
-0.029683
-0.130229
0.095971
-0.079778
-0.113054
-0.103732
-0.130487
0.201993
-0.033105
-0.018096
0.056952
0.056744
-0.011960
0.062089
0.029351
0.012642
0.023654
-0.083296
0.004365
0.057108
-0.011623
-0.052299
0.108702
0.021796
0.031433
-0.060569
-0.000194
0.053384
0.033899
0.134275
-0.110547
-0.015968
-0.063514
0.089539
-0.046786
0.051898
-0.021249
-0.046015
-0.063346
0.013353
-0.028100
0.064823
0.013276
-0.007168
0.009749
-0.064819
0.026562
-0.068467
-0.158043
0.008345
-0.040680
-0.040372
-0.017467
-0.075494
-0.029048
0.072092
0.058123
0.118579
0.037615
0.000168
0.029123
-0.177495
0.135118
0.093907
-0.024046
0.046240
0.012291
-0.033045
0.059554
0.004195
-0.063451
0.021696
-0.015236
-0.055301
-0.022402
-0.070219
0.067681
-0.075014
-0.023645
0.031430
-0.050397
0.036362
0.008788
0.000032
-0.041892
-0.051224
0.011037
-0.010387
0.021368
-0.011871
-0.133421
0.025347
-0.088697
-0.023472
0.014881
-0.021288
0.081606
0.027271
-0.013769
-0.025581
0.015276
-0.026788
-0.028906
0.025334
0.009832
-0.082258
-0.011806
-0.006040
-0.002764
0.072422
0.053701
0.122219
-0.028403
0.020643
-0.033814
0.084646
0.048595
-0.055226
0.048536
-0.028364
0.002238
-0.028739
-0.026081
-0.032366
0.006916
0.031130
0.022744
0.022302
0.026392
-0.026242
0.096298
-0.078623
-0.074529
0.070554
-0.132989
-0.054001
-0.028570
0.133058
0.012239
-0.080462
0.057241
-0.025858
0.034131
-0.008199
0.063476
-0.006300
-0.044267
-0.057060
-0.049000
-0.013102
-0.023315
-0.134252
-0.049687
0.025363
0.006343
0.016520
-0.005890
-0.064282
-0.015135
-0.073914
0.017792
-0.043163
0.030014
-0.102406
-0.074492
-0.039423
-0.033550
0.108258
-0.011182
-0.047554
-0.057900
0.130666
-0.042027
0.003877
-0.014972
0.013808
-0.004564
-0.015839
-0.018624
0.085763
0.014043
0.039429
-0.042233
-0.052524
-0.068815
-0.100686
-0.004559
-0.053632
-0.059987
-0.101352
0.024046
-0.020157
0.009424
0.197781
-0.040802
0.050332
0.114277
-0.050663
0.059866
-0.095047
0.032583
-0.084912
-0.086476
0.003358
-0.139054
-0.078800
0.081550
0.031734
-0.015779
-0.151520
-0.040184
-0.066745
-0.160089
-0.126774
-0.072998
0.044893
-0.054461
-0.001369
-0.023619
-0.139225
0.061964
-0.104648
0.046701
-0.041921
0.027942
-0.193517
0.034038
-0.051584
0.009743
-0.108370
0.064325
-0.106454
-0.064695
-0.037176
-0.031342
-0.178757
0.076117
0.066398
-0.086247
-0.019398
-0.164122
0.077703
-0.005248
-0.018195
-0.043454
-0.049132
0.086863
-0.069397
0.028219
-0.032594
-0.051198
0.150024
0.017973
0.207605
-0.076185
0.011561
-0.084773
-0.080217
-0.022732
-0.004264
-0.040818
0.028348
0.039628
-0.120410
0.043467
0.015965
-0.188299
0.051379
0.054491
0.002347
-0.006867
-0.112765
0.000454
-0.054000
0.001484
-0.066969
-0.081332
0.038752
-0.092548
0.139258
-0.021631
-0.005967
-0.030302
0.000635
0.107056
0.000180
-0.037512
-0.032088
-0.200990
0.046740
0.037474
0.028996
0.042852
0.044058
-0.052963
-0.043517
-0.029736
0.003634
0.067097
-0.071327
-0.063476
-0.129697
-0.027925
-0.121993
-0.225570
-0.117797
-0.006176
-0.037495
-0.105294
0.043925
0.018853
-0.112055
0.043728
0.025777
-0.031560
-0.009496
0.037206
-0.070424
0.002331
0.036823
0.100618
-0.029276
-0.029985
0.038281
0.023855
0.019576
-0.020001
-0.004571
-0.011781
-0.086371
-0.046300
0.016813
0.033577
0.067837
-0.000938
-0.046182
-0.009984
0.136732
-0.005758
-0.002916
0.093091
-0.054798
-0.007953
0.102589
0.007970
-0.002563
-0.044455
-0.103725
-0.077141
0.014925
-0.086288
-0.014716
0.016753
-0.074980
-0.113409
0.047542
0.001958
0.022729
0.013799
0.029257
0.074620
-0.095901
-0.023914
-0.078810
0.060090
-0.006739
0.043280
-0.091103
0.046861
0.062002
0.007363
-0.000155
-0.024261
0.145301
0.042350
0.037354
0.271066
-0.040420
-0.110345
0.055434
-0.042704
-0.044249
0.068785
-0.063836
-0.101713
0.076317
-0.153550
0.049457
-0.124284
-0.075299
0.034977
0.193651
0.163231
0.041874
-0.026568
-0.139995
-0.132653
-0.034661
0.130722
0.144638
-0.080876
0.052055
0.103109
-0.001694
-0.124254
0.024492
0.001602
-0.051321
0.178172
-0.122924
-0.157329
-0.162872
0.165127
-0.069353
-0.108356
0.159828
-0.184157
0.085105
0.162753
-0.028336
-0.174799
0.001187
0.139471
-0.186190
0.072790
-0.102201
0.110003
-0.028404
0.071259
0.030716
-0.039922
0.072702
-0.037547
0.112983
0.025263
-0.072542
0.044153
0.021092
-0.040881
-0.010311
-0.002080
-0.069853
0.046607
-0.024545
-0.044472
0.000001
-0.117821
0.075640
0.164632
-0.205665
0.095791
-0.098031
-0.043658
0.132978
0.000406
0.012440
0.007866
-0.067669
-0.111302
0.111140
0.011153
-0.032574
0.126375
0.032526
-0.121084
-0.062565
0.111223
0.057231
0.090715
-0.105245
0.193720
-0.066336
-0.011862
-0.004695
-0.017176
-0.031407
-0.027636
0.033836
0.167762
0.146814
0.010676
0.096150
0.113169
-0.159347
-0.086005
-0.039011
0.155446
0.054016
-0.044283
0.039964
-0.022573
-0.045935
-0.064095
-0.100766
-0.140172
-0.019118
0.002101
-0.028860
0.017198
0.016517
0.083384
-0.010656
0.004089
0.042697
-0.086570
0.143879
0.000696
-0.005514
0.053008
0.037523
-0.145854
-0.253375
-0.115551
-0.014951
-0.133991
0.057493
0.108074
0.047273
-0.013964
0.004073
0.174704
0.023947
-0.155140
0.011054
-0.023529
-0.025014
0.037577
0.017421
0.239029
0.013022
-0.192334
0.111618
0.156854
0.298836
0.012687
-0.060734
-0.063679
-0.066050
-0.102845
0.037746
0.007129
-0.111453
0.185147
0.148935
-0.088836
-0.065624
-0.049629
0.080886
-0.171229
0.004134
-0.158523
-0.251182
0.036314
-0.069613
-0.002236
0.006685
-0.064214
-0.188577
-0.085570
-0.103257
-0.063762
-0.068153
-0.129523
-0.050557
-0.059518
-0.012590
-0.051880
-0.034418
-0.002202
-0.075780
0.081527
-0.064713
0.008998
0.008550
-0.037311
-0.099676
-0.011572
-0.032676
-0.025575
-0.057004
-0.038657
0.003093
-0.047311
-0.042870
0.012951
0.003458
0.079920
0.020919
0.122339
0.036855
0.059819
-0.038194
0.036828
-0.003301
-0.104112
0.021865
0.010456
-0.053816
0.137483
-0.031682
-0.041886
-0.063391
-0.077122
0.026491
-0.064020
-0.022760
-0.113376
-0.098736
-0.069870
0.049346
0.002826
-0.038001
-0.078540
-0.082616
0.050508
-0.088262
0.051905
0.163251
0.070154
-0.101143
-0.128057
-0.006096
-0.033894
0.062094
0.026456
-0.078192
-0.095585
-0.019157
-0.029916
0.043419
0.016400
-0.029777
0.094615
0.035544
0.122903
0.087425
-0.051741
-0.023602
0.006163
0.050682
-0.024667
-0.053281
0.057516
0.078671
-0.069775
-0.013597
-0.085894
-0.013093
-0.054310
-0.123078
-0.047493
-0.053814
-0.018448
0.000624
-0.031168
-0.034902
0.075198
0.102130
-0.016883
0.040641
-0.047234
-0.050826
0.083766
0.034510
-0.076635
-0.104288
-0.176715
0.014694
0.020743
-0.138668
0.000868
-0.016753
-0.056408
-0.053347
-0.085067
-0.033734
-0.007443
0.032274
-0.019574
0.025463
0.045107
-0.033102
0.017446
-0.022612
0.018024
0.023695
-0.143249
0.010932
-0.088174
0.000316
-0.000965
-0.071540
0.014502
-0.065464
0.006113
-0.010285
-0.150882
-0.048570
0.091282
-0.013022
0.039410
-0.011135
0.055490
-0.012220
0.069338
-0.027981
-0.009415
0.030035
-0.086232
0.018453
-0.080427
-0.082073
-0.023717
0.010678
-0.073655
0.068134
-0.093013
-0.046358
0.058523
-0.012522
-0.020726
0.016769
-0.080835
-0.144785
0.058296
-0.082932
-0.133156
-0.047980
-0.101615
0.092299
0.073520
0.080903
0.023087
-0.094059
0.077793
-0.002477
-0.030428
0.016115
-0.055793
-0.062491
-0.040585
-0.033849
-0.010769
0.037785
0.016411
0.007292
-0.078194
-0.093616
0.108869
0.091281
-0.002295
0.007233
-0.118944
-0.030496
0.099942
-0.045128
0.018374
0.060271
0.007946
-0.168799
-0.133798
0.056241
-0.074262
-0.042945
0.151863
-0.060633
-0.032174
-0.115678
-0.087517
-0.024426
0.048281
-0.203919
-0.036313
-0.027311
-0.137299
-0.127744
-0.028037
-0.085082
0.067262
-0.077177
0.031874
0.008355
-0.108004
-0.146539
-0.048558
0.017256
-0.112242
0.157811
-0.009173
-0.119732
0.020954
-0.070795
-0.067412
-0.036334
0.020873
-0.053905
0.148286
-0.048836
-0.134751
-0.109232
-0.050225
0.008812
-0.174993
-0.071970
-0.119459
0.140432
-0.113001
0.123606
-0.060732
-0.072301
0.014538
0.063681
0.047472
-0.097438
-0.014887
-0.078270
0.039526
0.132391
0.009168
-0.120282
-0.057485
0.138690
-0.064418
-0.110144
0.083908
-0.069142
0.207286
-0.036650
-0.068364
0.003950
0.114242
0.020997
-0.105597
-0.024914
-0.132134
-0.013482
-0.016145
-0.039628
0.125467
-0.116070
0.016147
-0.038245
-0.014747
-0.145839
-0.103536
0.039377
0.016476
0.002189
0.043250
-0.002276
-0.151924
0.057392
0.016541
-0.108555
0.039468
-0.023013
0.010069
0.084014
-0.080361
-0.035278
0.021298
0.003969
-0.102076
-0.019941
-0.149896
-0.067353
-0.051078
0.118238
0.028636
-0.016260
0.101250
-0.023184
0.039958
0.089468
0.058429
0.036274
-0.026150
-0.064090
-0.111700
0.060766
0.024958
0.042274
-0.011449
-0.131646
0.101091
0.101380
0.071185
0.024756
0.144407
-0.019457
0.034384
-0.014801
0.040133
-0.008278
0.078227
-0.094408
-0.068347
-0.078434
0.131708
0.054033
-0.006682
-0.126076
-0.031311
-0.076800
0.155318
0.080233
-0.025411
-0.205710
-0.021350
0.024949
0.156565
0.000760
0.056321
0.003418
0.059535
-0.010327
-0.058568
-0.045886
-0.091393
0.068725
0.016851
-0.053581
0.040271
0.165327
0.015488
-0.064477
-0.171847
-0.032890
0.045392
-0.012475
-0.035603
-0.123989
-0.066168
0.030032
-0.124465
0.114131
-0.101145
-0.023335
-0.100075
0.066987
-0.058195
-0.065086
-0.031850
0.005750
-0.091616
0.134779
-0.010822
-0.009726
-0.050092
-0.022779
-0.125728
0.002049
-0.049591
-0.029003
-0.167381
0.220775
-0.032177
0.114429
0.034386
0.009290
-0.070358
0.039587
-0.039966
0.120742
0.038809
-0.080955
-0.109502
0.053069
-0.139410
0.081343
-0.001860
-0.075982
0.032634
-0.079164
0.004884
-0.055477
0.011320
-0.007712
-0.137016
-0.016929
0.079957
0.077624
0.069588
0.025772
0.026941
-0.028450
0.082828
-0.053730
-0.032013
-0.017589
-0.015231
0.028264
0.016466
-0.077409
-0.135923
0.055071
0.092634
-0.093317
-0.005460
0.075425
-0.027630
-0.104937
-0.125185
0.028251
0.025202
0.110537
0.090313
-0.031978
0.100529
0.010382
-0.020520
-0.166517
0.028514
0.119428
0.008830
0.204671
-0.203408
0.083862
0.011620
-0.090190
-0.084143
0.013354
0.084523
-0.039283
-0.067472
0.025862
-0.000296
0.018741
-0.080343
0.026058
0.050746
0.039558
0.096487
-0.006125
0.141726
-0.051239
0.001731
-0.001332
-0.055987
0.050324
-0.035965
-0.175752
-0.064944
-0.033717
0.167346
0.084152
0.050299
0.011309
0.038568
0.080586
0.004339
-0.008769
0.160263
0.026004
-0.090808
-0.008791
-0.018260
-0.134286
-0.041708
0.120523
0.071599
-0.015494
0.045270
-0.063222
-0.027334
-0.039047
0.013066
0.019719
-0.129574
-0.185942
0.000657
-0.105951
-0.003524
0.051011
-0.252557
-0.077726
-0.146162
0.021095
-0.049853
0.019581
-0.044978
0.133348
0.042493
0.097030
0.017780
0.094468
-0.021801
-0.079221
-0.019364
0.023218
-0.014204
0.054699
0.078825
0.091246
0.058476
0.028909
0.075300
0.053167
-0.012638
0.025750
-0.127793
0.022699
0.048164
0.032424
-0.036720
0.018195
-0.045901
0.029717
-0.097755
-0.005049
-0.073650
-0.059129
0.138385
-0.022476
-0.081979
0.096141
0.031028
0.179910
-0.059974
-0.222502
0.183975
-0.107124
-0.001155
0.177900
0.031111
0.067278
-0.034943
0.132308
-0.083862
-0.077485
-0.079608
-0.016752
-0.006408
-0.002787
0.030589
-0.170904
0.045762
0.014445
-0.010247
0.120615
0.030392
0.035307
0.080511
0.026741
0.032734
-0.029480
0.043389
-0.008566
-0.099077
0.000664
0.069551
0.051148
0.137294
0.050679
0.044756
-0.026936
0.075495
-0.077623
0.055593
-0.029853
0.052228
0.114033
-0.061766
-0.063754
0.032841
0.084794
0.016194
0.009581
0.055997
0.018859
0.012597
0.039062
0.018628
-0.050223
0.051202
0.094478
-0.058956
-0.011431
0.088483
0.013550
0.045088
-0.055969
0.011351
0.000536
0.000583
0.003976
-0.027286
-0.010649
0.055380
-0.062853
-0.043586
0.030643
-0.026240
-0.006887
-0.026947
-0.026801
0.082282
0.037332
0.091680
0.076092
-0.033091
0.006690
0.066034
-0.031848
0.017016
0.039432
0.002130
-0.043336
0.048882
0.049759
0.106380
0.042791
0.062387
0.003148
-0.008910
0.015731
-0.020809
-0.044526
-0.027913
0.106047
0.042790
0.002388
-0.040800
-0.035636
-0.062419
-0.010185
0.008143
0.009253
0.032479
-0.044794
-0.060579
-0.000912
-0.056251
0.019484
0.142107
-0.026554
0.047180
-0.052258
-0.004304
0.055573
0.008125
-0.018543
0.067973
0.011002
-0.005008
0.093770
0.031674
-0.048316
-0.036610
-0.013602
0.021555
0.060768
-0.035898
-0.078884
0.016675
0.031580
0.016460
0.014219
-0.062651
-0.004504
0.070113
0.109844
0.026819
-0.029929
-0.049508
0.041992
0.087014
0.002448
-0.013318
0.056118
-0.057727
-0.053754
-0.031531
0.028152
0.059969
0.003572
-0.016001
0.017856
0.134868
0.113961
0.066505
-0.056895
0.051103
-0.064318
-0.011250
-0.017051
0.033087
0.057484
0.023916
0.039905
0.087915
0.062896
-0.002838
0.023432
0.013824
-0.019728
0.013389
0.117665
-0.016459
0.124729
0.010300
-0.013922
0.009896
0.031754
0.107910
-0.073983
-0.016717
-0.030158
0.015308
-0.039237
0.024466
-0.009351
-0.006772
-0.043482
-0.024799
0.010700
0.002691
0.027668
0.035778
0.047639
-0.040056
0.007466
0.026214
0.001099
0.024257
0.016599
-0.033169
-0.032356
0.057185
0.008468
0.074866
-0.016226
-0.018437
-0.089139
-0.035469
0.038976
-0.030226
0.119043
-0.066278
0.071059
-0.082251
-0.022120
-0.054448
-0.092263
0.065084
0.070605
0.083488
-0.031249
-0.079172
-0.098423
-0.067307
0.011087
-0.018858
-0.033387
-0.071463
-0.084565
-0.089693
-0.063555
0.069769
0.004644
-0.014956
-0.034825
-0.049679
0.028986
-0.062375
0.113782
0.052546
-0.013667
-0.000531
-0.003611
0.013836
0.023445
0.067410
-0.041256
-0.040954
0.094492
0.003012
-0.107616
0.050123
0.122769
-0.038540
-0.029735
0.088764
-0.123248
-0.068168
0.113648
-0.026421
0.010262
0.132052
-0.145003
-0.130932
0.139267
0.043087
0.231277
-0.014365
-0.061634
-0.155337
-0.066623
-0.057861
-0.061293
0.004905
0.095826
-0.015005
0.025908
0.012058
0.034237
-0.052757
-0.151286
-0.054033
-0.036317
-0.029666
-0.012136
0.089373
0.050113
0.018520
-0.113288
-0.038850
0.006096
-0.043918
-0.026139
0.048438
-0.104084
0.027435
-0.139373
0.020681
0.156906
-0.021259
-0.110133
-0.046463
-0.057514
-0.046942
0.027979
-0.100930
0.057612
-0.020515
-0.017019
0.081872
-0.155808
-0.078423
0.058657
-0.057417
0.039678
-0.067705
-0.057112
-0.019843
0.092121
0.140335
-0.038457
-0.156152
-0.138654
-0.185156
0.065196
0.036195
0.001337
0.094930
-0.059018
-0.038706
0.021952
0.015542
-0.050112
0.007882
0.055297
-0.096373
-0.071175
0.015907
-0.124612
0.038977
-0.075478
-0.145300
0.025422
-0.104423
0.054056
0.023919
-0.047764
0.006831
-0.172423
-0.010640
-0.077791
-0.151333
-0.106369
-0.010707
0.014473
0.020157
-0.037868
0.228679
-0.051676
0.043919
-0.167178
-0.033461
0.069174
0.087917
0.061088
-0.105925
0.002467
-0.017953
0.010390
-0.048164
0.030279
0.124642
-0.155352
0.046949
-0.131044
-0.051969
0.198908
-0.078753
-0.051186
0.164343
-0.137249
0.098259
-0.051761
0.100661
-0.094987
0.031503
-0.148432
-0.068860
-0.145957
0.090801
-0.093854
-0.046147
-0.128804
0.119018
-0.115465
-0.173959
0.231140
-0.051990
-0.150774
-0.072699
0.034295
0.059083
0.063349
0.043333
-0.045384
0.190160
-0.082641
0.006932
-0.014202
-0.049578
-0.069168
0.108641
0.113725
-0.124602
-0.073419
0.082001
-0.032364
-0.037356
0.069063
0.207125
-0.038617
-0.012445
0.020036
-0.096705
0.132465
-0.064507
-0.041834
0.058593
0.189125
0.032018
0.069220
-0.024698
0.032515
0.004623
0.041070
0.112976
0.214319
0.070727
-0.092156
0.075791
0.064958
-0.077403
0.140995
-0.121589
0.021938
0.088266
-0.076634
-0.128878
0.095115
0.049584
-0.043943
-0.117643
0.019122
-0.100971
-0.028318
-0.000889
0.078820
0.081295
-0.043445
-0.064462
-0.007203
0.123691
0.046061
-0.161083
0.027594
-0.089723
0.005657
-0.097331
-0.056095
0.060522
-0.146924
-0.033619
0.018158
-0.051661
0.024272
-0.156362
-0.093722
-0.067803
-0.043352
0.009680
0.078914
-0.146902
-0.100436
0.092656
-0.027052
-0.066579
-0.054472
0.200376
0.123884
-0.082688
0.004403
0.035360
-0.074496
-0.190393
0.084682
0.027233
0.020217
-0.039576
-0.021771
0.130653
0.139982
-0.087333
-0.021893
-0.052875
-0.061855
0.129691
0.144523
-0.069780
-0.045867
-0.000567
-0.114099
-0.126724
-0.027049
0.111922
-0.045223
-0.025364
-0.012989
0.111449
0.112243
0.126308
0.030335
0.033429
0.016272
-0.057814
-0.043948
-0.050379
-0.124827
0.321365
-0.185305
0.022705
0.010852
-0.029354
0.068629
0.091419
-0.126395
0.030267
0.023391
0.010107
-0.035609
0.019020
0.003634
0.104366
-0.087811
-0.018522
0.034732
-0.076181
-0.135491
0.167295
-0.047225
-0.055850
0.059014
-0.125858
-0.019047
0.027071
-0.087977
0.045018
0.042208
-0.118173
0.064046
0.021185
-0.141145
0.055326
0.005214
-0.038594
-0.109888
0.034461
0.019928
0.097787
0.087662
-0.209212
-0.093058
0.154439
-0.133988
-0.083730
0.002442
0.042764
-0.090562
0.028447
-0.056474
0.088088
-0.000915
-0.059456
0.032158
-0.041536
-0.126880
0.119170
-0.028086
0.138816
0.029010
-0.052134
0.008993
0.035175
-0.080599
-0.071804
-0.081072
0.012361
-0.059518
0.017894
-0.148837
0.032617
0.021513
-0.042195
0.024494
-0.005897
0.072693
0.032509
-0.069003
0.035709
0.045699
0.033691
-0.072249
-0.041723
0.053141
-0.047436
-0.054383
0.033051
0.003994
0.007770
-0.061179
-0.010311
0.049370
-0.072132
0.039914
0.042961
0.115724
0.039081
0.042683
0.021003
-0.051578
-0.050241
0.070113
-0.011820
-0.088984
0.011571
-0.031607
0.184077
-0.002590
-0.004935
-0.033758
0.109612
-0.115327
-0.010347
0.070785
-0.000133
-0.098334
-0.025374
0.091675
0.023288
-0.073001
0.009993
-0.107723
-0.064461
-0.018917
-0.038384
-0.005050
0.097216
-0.056557
0.056097
0.071557
-0.013562
-0.036571
0.069253
0.006619
-0.093319
0.040763
0.056276
0.057507
-0.092929
0.086653
-0.042041
0.158740
-0.003013
0.047743
0.145988
0.067270
0.049927
0.195854
0.029233
-0.002503
0.106610
-0.022787
-0.039453
0.036864
0.080804
0.013300
0.015879
-0.028546
0.016134
0.083851
0.043800
-0.008609
0.055606
-0.118781
0.106198
0.082464
0.121301
-0.015094
0.097608
-0.052811
0.011779
-0.006219
-0.049500
-0.022508
-0.028907
0.016785
-0.048462
0.066404
-0.023532
0.155707
-0.075275
0.028261
-0.088222
-0.039763
0.034356
-0.093459
0.060851
0.077347
-0.036902
0.013276
0.067456
0.240172
-0.132695
-0.013424
-0.101599
0.050436
-0.056868
-0.251611
-0.165303
0.024342
0.008811
0.105545
-0.056398
-0.108208
0.008632
0.043525
0.013162
0.064227
0.047700
0.046778
-0.110466
0.003995
0.061877
-0.125388
0.006074
-0.078285
-0.049188
-0.055824
-0.037796
-0.056849
0.087538
0.260365
-0.005659
-0.023210
-0.018007
-0.053146
0.119266
0.039005
-0.026085
0.032999
0.050799
0.100244
-0.045378
-0.089468
-0.002488
0.030038
-0.081469
-0.065803
0.127038
-0.119919
-0.067386
0.136169
0.109069
-0.040248
0.034961
0.004207
0.011225
0.076690
0.089190
0.093929
0.026910
-0.062516
-0.023517
0.049712
-0.053868
0.029555
0.124989
-0.151287
0.078214
0.003630
0.123607
0.082794
0.066043
-0.036499
-0.106193
0.102666
-0.030421
-0.075316
0.074689
-0.071003
-0.103084
-0.192637
0.038446
-0.005233
0.064902
0.024901
0.061065
-0.070702
0.005749
0.124547
-0.046898
0.151480
-0.003329
-0.081015
0.068243
-0.024181
-0.051990
-0.015150
-0.104569
0.044256
-0.048450
0.167305
-0.044841
-0.070082
0.198320
-0.094674
0.046394
0.027512
-0.089254
0.019982
0.207366
0.186872
0.055216
-0.011300
-0.059185
-0.160618
0.061874
-0.064502
-0.081930
0.101812
-0.001384
-0.070195
-0.014567
-0.121128
0.031099
-0.057244
-0.058587
0.169516
-0.167890
-0.029357
0.025458
-0.031550
0.054308
-0.045348
-0.175537
-0.006591
-0.154780
-0.062580
0.006532
-0.097662
-0.110260
0.292324
-0.107982
0.060291
0.111022
-0.052515
0.062432
0.055625
0.213150
-0.068720
0.004547
-0.059590
0.168975
-0.010097
0.081520
-0.018527
-0.025048
-0.017697
-0.087947
-0.132298
0.013357
-0.043046
-0.100366
-0.076718
-0.076750
-0.018621
0.089865
-0.114351
0.108565
0.053908
0.114131
0.154009
0.134696
0.112179
0.048406
0.144132
0.023177
-0.089690
0.010557
-0.009417
-0.086321
-0.034005
0.035553
-0.079749
-0.107683
-0.044721
-0.111836
0.013406
-0.022402
0.007179
-0.093480
-0.039603
-0.071559
0.040061
-0.060498
0.029053
0.105241
0.078305
0.155148
0.043804
0.026931
-0.139243
0.033365
0.071363
0.101506
0.035325
0.140376
0.099488
0.033416
-0.023657
-0.031062
-0.112141
-0.075552
0.001975
-0.072936
0.140441
-0.125421
-0.099396
-0.140709
0.124360
0.020830
0.056526
-0.049248
-0.113309
0.159814
0.036928
-0.033793
0.056642
0.045047
0.000467
-0.056806
-0.073054
0.023318
0.009693
-0.054459
0.043484
-0.040984
0.059702
-0.054787
0.071527
-0.096890
-0.093819
-0.049332
-0.144085
0.016050
0.005077
-0.024256
0.015467
0.076706
-0.117777
0.052794
0.014198
0.022993
0.069528
-0.027559
-0.245610
0.067030
-0.005625
-0.024231
-0.012780
0.031561
-0.028115
-0.109335
0.125790
-0.157013
-0.103425
0.010452
-0.115711
-0.036506
0.001028
0.028620
0.043723
0.147869
0.049125
-0.059109
-0.180121
-0.095291
0.065601
-0.071568
-0.003954
-0.069114
0.033673
-0.093821
-0.120449
-0.038418
0.066832
0.054205
-0.127483
0.029182
-0.074659
-0.005785
0.054191
0.032832
-0.006454
-0.034605
-0.189612
-0.111729
0.033109
-0.107701
0.106136
0.000244
0.118064
-0.001038
0.008082
-0.070556
-0.019843
0.044275
-0.101179
0.019252
-0.020336
-0.043230
-0.039932
-0.117749
-0.030752
-0.157969
-0.058649
-0.105124
0.020272
-0.048612
-0.078367
-0.115922
-0.070361
-0.000839
-0.090189
-0.000265
0.085892
-0.071765
-0.052225
-0.081224
-0.019704
0.004042
-0.170392
-0.033969
-0.068956
0.045685
-0.176686
-0.071381
0.063428
0.312855
-0.100290
-0.040889
-0.009820
-0.052116
-0.065084
-0.008708
-0.165839
0.067686
-0.067859
-0.181266
0.024726
-0.080129
-0.043687
-0.174146
-0.144272
0.011138
0.014353
0.044020
0.065089
-0.032329
0.076498
0.094102
0.100545
0.077547
0.017795
0.001509
-0.065986
-0.015624
0.010744
-0.024236
-0.092639
0.023641
-0.052920
-0.004770
0.039549
-0.044241
0.028584
0.019184
-0.000590
-0.063105
0.081045
0.085929
-0.071196
0.058727
-0.047642
-0.030626
-0.011198
-0.002141
0.018429
0.117556
0.013491
-0.064346
0.192672
0.082620
-0.050240
-0.019564
0.087614
0.006020
-0.014043
-0.010179
-0.008742
-0.026733
0.003399
-0.019525
-0.015659
-0.054220
-0.011504
-0.044075
-0.024081
-0.089066
0.024950
-0.049576
0.058889
0.027753
0.030303
-0.113748
-0.097108
-0.130976
-0.022503
-0.002380
0.028664
-0.024764
-0.020672
-0.174307
-0.010136
0.090828
0.009987
-0.083200
-0.009056
-0.166818
0.058791
-0.057157
0.132157
0.048774
0.031945
-0.042644
-0.059413
-0.091123
0.046529
0.135082
0.026437
0.009707
-0.093176
0.031672
-0.044338
-0.147615
0.049273
0.371825
-0.136833
-0.087155
0.079666
0.038351
0.095029
0.083317
0.141001
-0.118129
0.005563
0.066417
0.008340
0.174708
0.033107
0.028968
0.069804
-0.012940
0.078061
-0.056894
0.049847
0.024673
-0.070400
-0.136791
0.036610
0.029953
0.119648
0.089107
-0.032647
-0.114498
-0.084967
0.165821
-0.193064
-0.010228
-0.005607
0.002571
0.108692
0.086223
-0.039987
-0.045999
-0.082176
-0.118124
0.017334
0.122115
0.008442
0.081088
0.084330
0.142395
0.065380
0.094454
-0.091185
-0.008929
-0.109887
-0.156022
0.182500
-0.165247
0.057950
0.007594
-0.072765
0.087292
0.029421
-0.027223
-0.075480
-0.079847
0.087753
0.039651
-0.096174
0.051532
-0.043705
-0.232793
0.067111
-0.017953
-0.035916
0.053798
-0.083599
0.015730
0.028835
-0.057342
0.030641
0.070403
0.063248
-0.006480
0.045653
-0.072845
0.047769
-0.058944
-0.079123
0.007081
-0.136019
-0.078856
-0.069156
-0.024393
0.073682
-0.001876
-0.091073
-0.041276
-0.253088
0.040697
0.093838
0.038243
-0.092751
-0.005936
-0.039903
0.033603
0.216092
-0.086440
0.022201
-0.027342
0.041575
-0.013092
-0.057401
-0.125247
0.066434
-0.015591
0.098874
0.076924
0.045615
-0.252026
-0.165120
-0.049061
0.025911
-0.167340
-0.034321
0.168152
0.074031
-0.054604
0.048161
-0.031218
0.062162
-0.000585
-0.056282
0.032088
0.018589
-0.104011
0.035993
0.042840
0.112078
-0.029072
0.019217
-0.121673
0.091301
0.096405
0.119593
-0.044845
-0.072228
0.146737
0.264234
-0.061105
-0.017203
-0.183236
0.048173
-0.027436
0.058227
-0.030829
0.010478
-0.036819
-0.085274
-0.123235
-0.101344
0.038661
0.087881
-0.017289
0.008321
0.051057
-0.005811
-0.004634
-0.046507
-0.158739
-0.007426
-0.145621
0.066647
0.108731
-0.065911
-0.042993
-0.075137
-0.022284
0.017185
-0.081925
0.043183
-0.037547
-0.015111
-0.026280
-0.037116
-0.111396
-0.071618
-0.088703
0.072533
-0.006663
-0.234922
-0.000622
-0.027607
-0.162242
0.022092
-0.058779
-0.086339
-0.110174
-0.100065
-0.104679
-0.062684
-0.019349
-0.087536
-0.084628
-0.135358
0.073109
0.044674
0.056591
-0.006418
-0.157642
0.022578
-0.100558
0.106059
-0.020458
0.128798
0.143127
0.061425
-0.050474
0.187251
-0.079341
0.019373
-0.041271
0.038637
-0.099113
0.047642
-0.066847
0.004852
0.062826
0.041744
-0.116552
0.016257
-0.109561
-0.028860
-0.040458
0.029294
-0.015416
-0.041409
0.075506
0.056569
0.171334
0.119511
0.031981
0.041082
0.037680
-0.086806
0.030512
-0.029827
-0.140118
-0.040285
0.049934
-0.027214
0.079611
-0.087237
0.084844
0.025351
0.007914
-0.189248
0.009323
-0.138311
-0.150907
-0.117558
0.136573
-0.085946
-0.042800
-0.049979
-0.009259
-0.058438
-0.172136
-0.087178
-0.011004
-0.046724
0.000694
0.027650
0.067064
0.006299
0.051221
-0.072194
-0.170726
-0.095768
0.046458
-0.136565
-0.045210
0.028742
-0.025231
0.013456
-0.148806
-0.092315
0.042797
-0.010832
-0.181699
-0.067544
-0.040419
-0.028252
0.016921
-0.004052
-0.044807
-0.037791
0.059201
-0.064039
0.187463
-0.134719
-0.066765
-0.062146
-0.041977
0.041061
0.124628
-0.070805
-0.075509
-0.078842
-0.038649
-0.124813
0.085126
0.051015
-0.126332
-0.054148
0.002984
0.043457
0.124507
-0.092218
0.075855
0.077340
0.083338
0.093321
-0.095504
0.246477
0.079851
-0.100399
0.022405
-0.099984
0.028355
-0.031912
-0.056776
-0.064791
-0.089235
-0.021748
-0.083212
0.074499
0.011741
0.196031
0.108429
0.050959
0.180079
0.103777
0.001956
0.109079
-0.144640
-0.175394
0.040810
-0.142634
0.056376
-0.140973
-0.081603
-0.042779
0.081955
-0.002810
0.053988
-0.026119
-0.020416
-0.017987
-0.020991
0.075757
0.106933
-0.078724
-0.049640
-0.088865
0.010893
0.122515
0.006201
-0.077881
0.038051
0.044318
0.114762
-0.068887
0.029901
-0.143737
-0.141075
0.083568
0.167293
-0.104369
-0.125178
0.016105
-0.012415
-0.001976
-0.060254
-0.067551
0.114598
0.050909
-0.019760
-0.085427
0.077940
-0.102499
0.002146
0.095248
0.034901
0.097436
-0.043019
-0.064805
0.066975
0.080147
0.017469
0.136744
0.004621
0.003712
-0.052147
0.106095
0.083714
-0.036719
-0.028022
-0.046331
0.061143
0.093500
-0.120026
-0.147619
-0.091573
-0.091336
-0.011131
-0.025369
-0.019538
0.073790
-0.115399
-0.048047
-0.019911
0.051976
0.084774
-0.136333
-0.028364
0.077365
-0.065410
-0.112861
-0.050626
0.004435
0.134525
-0.028896
-0.091158
-0.137060
-0.073306
0.137897
0.035149
0.040548
-0.061110
-0.169622
-0.056102
-0.076354
-0.044484
-0.019631
-0.090209
0.050084
0.141284
-0.105035
0.058000
0.091701
-0.047126
-0.087758
-0.130750
-0.022601
0.025833
-0.082902
-0.046951
0.031178
-0.093475
0.036399
-0.022132
-0.068269
0.089125
0.011920
-0.031037
-0.178395
-0.139661
-0.057986
0.066353
-0.006252
-0.046840
-0.008354
-0.093465
-0.007492
0.022701
0.185806
-0.037682
-0.011915
0.094219
-0.079177
0.012583
0.009598
-0.006835
0.104996
0.005328
-0.072509
-0.142577
0.192568
0.007945
-0.070701
-0.050544
0.010852
-0.172979
0.040753
0.035361
-0.032513
0.026262
-0.001134
0.039717
0.098492
-0.118108
-0.160252
0.062679
0.114158
0.022670
-0.023831
-0.165724
-0.016139
-0.086634
-0.099266
-0.053168
-0.093143
-0.061307
-0.033663
-0.095270
0.052216
0.021759
-0.012032
-0.106672
-0.189284
-0.099707
0.097233
-0.014849
-0.084144
-0.097863
0.014854
-0.010654
-0.048196
-0.099207
-0.000969
-0.029217
0.013183
-0.096035
-0.105752
-0.110318
-0.001232
-0.126806
-0.101613
-0.025511
0.096895
-0.102783
0.048862
-0.117909
0.033065
0.143086
0.052398
-0.078848
-0.007116
0.046586
-0.023436
0.142356
0.001066
-0.038936
-0.086643
0.063401
-0.002629
-0.133531
0.123211
0.009458
-0.066829
-0.091298
0.109475
-0.099226
0.031349
-0.118757
0.011273
0.032706
-0.018207
-0.112893
0.022053
-0.018788
0.058111
0.022996
-0.118733
-0.094989
-0.058109
0.074268
-0.037681
0.023573
-0.088891
-0.039223
0.100780
-0.008710
0.217978
-0.049398
-0.015168
-0.068310
0.033524
0.107911
-0.034679
-0.041261
-0.051417
0.070276
0.037738
-0.056103
-0.068214
-0.025723
-0.029614
0.004402
0.097179
-0.056624
-0.026884
0.010794
-0.004822
-0.005027
-0.166625
0.006425
-0.033408
-0.119685
-0.012585
0.030071
-0.055551
-0.014580
-0.135228
-0.068834
-0.025081
-0.146282
0.003779
-0.019965
0.013557
-0.098107
-0.061426
-0.033918
0.045759
-0.056534
-0.138313
-0.160196
-0.048344
-0.042144
-0.032139
0.035278
-0.085356
0.023997
-0.137444
0.031027
-0.133174
0.055998
-0.017005
-0.122610
-0.026155
0.012253
-0.056081
0.007480
-0.086849
0.016877
-0.037556
-0.049646
-0.035706
0.000966
0.049773
-0.078205
0.078928
0.079297
-0.050998
-0.149308
-0.010442
-0.007191
-0.003526
-0.074987
-0.184755
-0.092881
0.062915
-0.024671
-0.083637
0.126886
-0.256247
-0.061987
0.065374
0.042779
-0.014086
0.019745
0.005958
-0.107992
0.002077
0.012784
-0.049209
0.016703
-0.010662
0.004047
-0.000976
-0.101843
-0.035292
-0.103050
-0.101651
-0.196456
-0.120472
-0.006233
-0.126897
-0.056506
-0.112958
-0.031357
0.027996
-0.082662
-0.047743
-0.041749
-0.084463
0.020218
-0.038717
-0.012112
0.025305
-0.077719
-0.045486
-0.053451
-0.094455
-0.131563
0.034932
-0.012008
-0.069085
-0.017339
-0.035088
-0.097700
-0.116170
-0.074005
-0.056625
-0.121361
0.004784
-0.016403
-0.021153
-0.099029
-0.044354
-0.143396
-0.010224
-0.125662
-0.126736
0.044118
0.009726
-0.043054
-0.089274
-0.006442
-0.164573
-0.065616
0.090053
-0.049689
0.056003
-0.103454
0.022049
0.148399
-0.191429
-0.126604
-0.036371
-0.270950
-0.168963
-0.162869
-0.095559
-0.016919
0.019616
-0.015253
-0.113758
0.062518
-0.122357
-0.081698
-0.098612
0.122315
-0.018190
-0.027045
-0.036129
-0.045898
-0.036833
-0.002000
-0.110185
-0.217417
-0.101625
-0.025259
-0.081129
-0.069470
-0.049126
-0.182261
-0.135454
0.013711
0.014413
-0.056160
-0.108462
0.075509
-0.019888
-0.026393
-0.057237
0.075089
-0.008903
0.038239
0.128370
-0.031315
-0.001579
0.018900
-0.299501
0.001148
0.027228
0.024778
-0.159531
-0.096714
-0.049655
0.101614
0.022128
-0.123592
0.083899
-0.093543
-0.084791
-0.207211
0.081980
-0.047705
-0.025674
0.026720
-0.034290
-0.108085
-0.141910
-0.045773
0.016275
0.084686
0.061835
-0.007050
-0.012216
-0.154560
-0.001984
-0.132557
0.106041
0.158829
0.031517
-0.102738
0.084705
-0.113183
-0.048877
-0.053589
-0.159720
0.121194
0.000320
-0.076838
-0.067839
0.018812
-0.062108
0.146792
-0.039635
-0.015429
0.074116
-0.033703
-0.028096
-0.091288
0.047939
0.042913
-0.050969
-0.032605
0.096730
-0.028078
-0.191262
0.010824
0.063642
0.027983
-0.113381
-0.069981
-0.064291
-0.089603
0.013352
0.153290
0.031928
-0.018075
-0.056232
-0.034241
-0.033071
-0.056594
0.008749
-0.047185
-0.024995
0.136074
0.002368
0.054070
0.040030
0.073697
0.002674
0.078995
0.028618
0.099212
-0.131676
0.044816
0.031149
-0.122879
0.033469
0.040235
-0.070433
-0.060256
-0.013940
-0.090410
0.084870
-0.178472
-0.127150
-0.000301
-0.090418
-0.075063
0.028161
0.049470
0.134329
0.084438
-0.054173
-0.035069
-0.092441
0.011844
-0.000953
0.039218
-0.085664
0.034229
-0.146947
0.018361
-0.095956
-0.029203
-0.135673
0.116276
0.023141
-0.026988
0.127793
0.001737
0.015927
-0.037427
0.029636
-0.197352
0.089346
0.069015
-0.034988
0.035898
0.026051
-0.047873
0.023425
-0.017004
-0.016429
0.018113
0.006673
-0.044795
0.003770
-0.004975
0.086433
-0.024592
0.100541
-0.211896
-0.024877
0.010874
0.113209
-0.133687
0.009600
0.101172
-0.061191
-0.033996
0.006853
0.039456
0.125201
-0.022178
0.014926
-0.047501
-0.015244
0.116052
-0.044357
0.077407
0.089214
-0.064451
0.009003
-0.117571
0.020952
-0.020776
-0.061828
-0.063771
0.112461
0.428126
-0.012598
-0.017170
0.017832
0.037842
-0.049811
-0.010855
-0.046089
-0.034251
-0.116695
-0.091060
-0.146291
0.021396
-0.021980
0.012938
-0.080727
-0.064708
-0.063528
-0.017262
0.092656
-0.154176
0.034743
-0.017124
-0.037792
-0.122333
-0.048606
0.025345
-0.081729
0.034019
-0.080316
-0.046076
-0.052829
0.135546
0.083789
0.090585
0.034946
0.028259
-0.092562
-0.166075
0.115702
-0.016833
0.083161
-0.145196
-0.040357
-0.138012
-0.155114
0.117631
0.148450
0.126023
-0.046302
0.023311
-0.178382
-0.021296
-0.144827
-0.095801
0.034516
0.039842
-0.022393
-0.030441
-0.054192
0.000220
-0.171750
0.070629
0.063778
-0.036612
-0.059578
-0.020106
0.130068
0.093886
0.013868
-0.050365
0.003159
0.116928
-0.001490
-0.025587
0.009479
-0.136601
0.011124
0.094798
0.109965
-0.093307
-0.043359
-0.002005
0.194370
-0.064136
-0.061875
-0.109331
0.130029
-0.043828
-0.205431
-0.097538
-0.007506
-0.041607
0.073130
-0.008298
0.013446
0.085001
0.150150
-0.154877
0.040122
-0.086391
-0.149858
-0.082183
0.123116
0.028511
0.122539
-0.121493
-0.044128
-0.033256
0.028683
0.101686
-0.111155
-0.115702
-0.108006
-0.084323
0.006125
-0.075372
0.003608
-0.055552
-0.034053
-0.160097
-0.032690
-0.044127
0.059292
0.032410
-0.133508
-0.010006
0.053268
-0.009646
-0.080130
-0.014232
-0.079400
-0.185938
0.083315
-0.116476
-0.002504
-0.018129
-0.079274
0.055282
0.047741
-0.140085
-0.072131
0.083783
-0.104939
-0.114270
0.003555
0.008577
-0.124571
0.084832
-0.019595
-0.019202
0.079524
-0.049575
0.025135
0.003343
-0.107810
-0.000671
-0.007697
-0.037228
0.171950
0.027824
0.045074
-0.017838
-0.070786
-0.008240
-0.021508
0.117024
-0.081364
0.000961
0.058581
0.095304
0.047540
-0.095503
-0.034475
0.109158
0.123795
-0.132279
-0.007283
-0.012506
-0.060684
0.050077
-0.013584
-0.017121
-0.073617
-0.069167
0.054109
0.055607
-0.148336
0.130446
-0.059608
-0.092595
-0.099622
-0.043854
0.156772
0.054531
-0.019172
0.101202
-0.068562
0.051352
-0.014445
0.082196
0.005743
-0.090540
0.046692
0.121041
-0.369756
0.091125
0.036976
-0.021718
-0.043436
-0.099156
0.033854
0.005952
-0.359959
-0.076984
-0.014917
0.010309
0.059223
-0.007656
0.025476
-0.182578
0.105979
-0.025700
0.014190
0.003816
-0.031355
0.060341
0.046210
0.352288
-0.123217
0.039043
-0.219424
-0.134909
0.080022
-0.081111
-0.015047
-0.181273
0.054126
-0.168304
-0.008758
-0.054408
0.078791
0.033979
-0.168748
-0.018366
0.157076
-0.023521
-0.069199
0.114482
-0.032817
-0.122752
-0.030584
-0.082894
-0.022937
0.017096
-0.212085
0.091741
0.114808
0.078701
0.077268
0.118369
0.090734
-0.050242
-0.047218
-0.015367
0.119333
0.282028
-0.198391
0.007629
0.089081
0.039153
-0.056905
-0.029538
-0.212799
-0.097822
0.001820
0.031646
-0.066841
-0.004780
0.032714
-0.062314
0.017463
-0.042897
0.198502
-0.118465
-0.063966
-0.128684
-0.014771
-0.037012
-0.059883
-0.005014
0.086922
0.016649
-0.019668
-0.113766
0.157874
0.069587
0.054400
0.094369
0.007193
0.056558
-0.019531
-0.085546
0.113413
-0.049154
-0.141483
-0.011476
-0.253964
0.002807
0.113267
-0.129260
-0.093885
0.012654
-0.017128
0.021757
-0.103515
0.106710
-0.080341
0.107236
0.140592
-0.044079
0.154128
0.043592
-0.099920
0.109417
-0.013886
0.089163
-0.132115
0.035524
0.097634
-0.022003
0.013937
-0.139893
0.116621
0.088411
-0.066648
-0.038023
0.047584
-0.039677
-0.006298
0.002433
-0.000253
0.027245
-0.293463
-0.070717
-0.026316
-0.110552
-0.191065
-0.032274
0.037100
0.039153
0.023433
-0.066691
0.049945
-0.024868
-0.115217
0.006374
0.020743
0.107763
-0.040935
-0.154922
0.068273
-0.074233
0.028792
0.128142
0.042841
-0.084354
-0.014514
0.006817
-0.139135
-0.108847
-0.122447
-0.034117
0.081221
-0.077672
0.049546
-0.024096
-0.080045
-0.036916
-0.020164
0.044092
0.012648
-0.004510
-0.197344
0.002566
-0.128616
-0.018508
0.150513
-0.161999
0.107220
0.005048
0.113556
0.090918
0.268406
-0.014508
-0.078249
0.062415
0.157333
0.159833
0.003213
-0.051518
-0.042025
-0.128627
0.030094
0.160233
-0.098672
-0.052676
-0.077247
0.021982
-0.041060
-0.066980
0.030349
0.009619
-0.165800
0.099634
0.025981
0.064105
-0.208864
0.215989
-0.031212
-0.036744
-0.140771
-0.034396
-0.034136
0.105059
-0.034375
0.086928
0.089813
0.042893
-0.014616
-0.037252
0.040858
-0.000881
-0.198046
-0.144162
-0.030390
0.041479
-0.083617
0.129389
0.120544
0.115513
-0.036956
0.210089
0.045353
-0.087508
0.083961
-0.161580
0.069234
-0.142872
-0.008356
0.025502
0.049050
-0.054131
0.111466
0.108289
0.054093
-0.079849
0.062870
0.018501
-0.021388
0.090711
-0.023729
0.144198
0.075676
-0.110452
0.049591
0.003064
-0.087377
-0.077338
-0.039217
-0.050255
0.118834
0.068164
0.034902
0.005075
0.038067
-0.028120
0.012355
-0.218805
-0.000185
-0.001833
-0.000054
-0.061900
-0.064922
0.086348
0.117853
0.084740
0.056540
-0.014220
-0.047195
-0.080995
-0.079212
-0.036104
0.073261
-0.159839
0.001864
0.054876
0.037792
-0.038507
0.031709
-0.115635
-0.008615
0.003988
0.000822
-0.030705
0.082490
-0.148511
-0.073541
0.079629
0.078249
-0.080488
-0.041487
-0.121063
0.110080
-0.138812
-0.118800
-0.072013
-0.070324
-0.010488
-0.028753
-0.045933
-0.012373
-0.044221
0.035115
0.020039
0.137743
0.018706
0.021285
0.022429
0.149142
0.009712
-0.134995
0.014754
-0.169002
-0.084119
-0.067691
-0.154878
-0.105841
-0.055064
-0.252633
0.023923
0.030899
-0.015672
-0.033598
-0.117843
0.094568
0.025287
-0.026877
-0.004704
0.039176
-0.198681
0.019445
-0.019145
-0.016702
-0.098752
-0.054479
-0.119437
-0.066972
0.049475
0.151688
0.007461
-0.084887
0.104456
0.218930
-0.121731
0.004090
-0.103689
0.079297
-0.137745
0.096518
0.053177
-0.042431
-0.043634
0.040814
0.145371
-0.054239
0.008809
-0.010018
-0.086519
0.041130
-0.161685
-0.048472
0.152329
-0.142048
-0.034072
-0.097231
-0.171749
-0.002270
-0.071128
-0.090557
-0.090770
0.051511
-0.062098
-0.094416
-0.080870
-0.003117
0.025524
0.054734
-0.045804
-0.009478
0.138051
0.079263
-0.024686
0.114945
-0.106062
0.072560
-0.087027
-0.211816
-0.168579
0.101992
-0.103307
-0.022679
0.033664
0.128147
0.008816
-0.135795
-0.118813
0.045931
0.001116
0.117923
-0.192118
-0.090413
0.006487
0.017955
-0.094946
0.097905
-0.131960
0.058847
0.028784
-0.090347
-0.063295
0.108834
-0.023595
0.068765
0.011845
0.045389
0.019007
-0.062736
-0.069694
-0.119246
0.071222
-0.057812
0.103256
0.005021
0.166705
-0.060708
0.252188
0.013601
-0.108405
-0.088862
-0.097934
0.010502
-0.032466
-0.061432
0.068684
0.043638
-0.105062
0.056151
-0.149137
0.107235
0.082267
-0.046609
0.055232
-0.178171
-0.059659
-0.073450
-0.052529
-0.141536
0.054124
-0.114604
-0.160189
-0.026172
0.139618
0.003731
-0.084599
-0.093937
0.143194
-0.086272
-0.043295
-0.037749
-0.113016
0.025018
0.013074
0.125428
-0.017803
-0.174993
0.083576
-0.029577
-0.010706
-0.143722
0.005979
-0.031389
0.092581
-0.067477
0.064782
0.100707
-0.047646
-0.131052
0.000564
0.090577
0.018487
-0.093519
0.019196
-0.068061
0.057875
0.214272
-0.064474
0.117599
-0.085023
0.126567
-0.111151
-0.074011
0.004159
0.130006
0.122123
-0.063524
-0.057319
-0.082635
0.165076
-0.044912
-0.037956
-0.024194
0.013230
0.003517
-0.010416
-0.066637
-0.045579
0.042197
0.117605
0.163126
0.018521
-0.103315
-0.090569
-0.057191
0.033224
-0.028953
-0.003231
0.004820
-0.171820
-0.030329
-0.024452
-0.082405
0.144918
0.028357
0.174592
-0.025134
-0.035128
-0.039114
0.131175
0.036171
0.025439
0.114206
-0.042123
-0.070920
0.094921
-0.037731
0.089829
0.018753
0.008039
0.052954
0.046924
-0.103597
0.139036
-0.039827
0.035324
-0.014554
-0.003097
-0.006275
0.034525
-0.032056
0.008200
-0.197608
-0.010145
0.023129
0.018268
0.033701
-0.087157
-0.113955
0.107835
-0.103336
-0.004322
0.045616
0.027050
-0.004707
-0.003365
0.040423
-0.020366
0.004966
-0.007972
-0.023425
-0.068951
0.060712
0.075604
-0.033814
0.004285
-0.012111
0.092692
-0.023342
0.066815
0.033987
0.049867
-0.022355
0.067824
0.015917
-0.056403
-0.034824
0.063301
0.074845
-0.048478
0.070609
0.030368
-0.020587
-0.025502
0.015792
-0.004064
0.024449
0.008670
-0.038477
0.052225
0.041815
0.062909
-0.106674
0.069554
-0.109934
-0.020901
-0.091990
0.083192
0.028778
0.069917
-0.026686
-0.000828
0.065242
-0.043359
0.057172
0.023978
-0.021121
0.005739
0.023496
-0.050851
0.079049
-0.021239
-0.017736
-0.040600
0.057974
0.050660
-0.030696
-0.037975
0.060614
0.035386
0.040556
-0.035778
0.070511
0.007396
0.002644
-0.025168
0.065321
0.077763
-0.088647
0.029249
0.078684
-0.040481
-0.002257
0.049459
-0.029321
-0.025848
-0.030176
-0.018617
-0.000248
0.120771
0.065148
-0.004966
-0.002281
0.085527
0.024113
0.058544
-0.135285
-0.122350
0.077543
-0.035564
0.084421
-0.079793
0.066850
-0.035526
0.017483
0.006041
-0.110745
0.032855
-0.021295
0.012923
0.054369
-0.121525
0.010702
-0.075773
-0.014771
0.001818
-0.034534
-0.086238
0.133687
-0.027122
0.052700
-0.075156
-0.057225
0.037222
0.035420
0.011546
0.010917
0.100995
-0.033623
0.067678
-0.086817
0.003847
0.043070
0.085407
0.055515
0.072241
-0.007316
0.060232
0.103570
0.059018
-0.036497
-0.108839
-0.055198
-0.045738
0.083181
0.049309
0.022588
0.065407
-0.093637
0.039243
0.032585
0.119958
-0.017228
-0.085197
0.057724
-0.012762
-0.003416
0.105710
-0.051607
0.019026
0.064637
-0.016451
0.121093
0.065938
0.017244
-0.119681
-0.056036
0.064936
0.048835
0.047037
-0.077514
0.023520
0.011896
0.065268
0.017806
0.039526
0.000850
-0.073094
0.072254
0.033290
0.099172
-0.010522
0.045266
0.053865
0.064903
0.131833
0.087033
-0.086238
-0.004350
-0.084580
0.005316
-0.002108
-0.033099
-0.109664
-0.057906
-0.121211
-0.003543
-0.031426
0.098292
-0.093447
0.027106
0.000422
-0.088666
-0.062958
-0.028837
-0.093640
-0.075345
-0.114181
-0.074489
-0.084867
-0.066733
-0.050701
0.076414
-0.108761
-0.011127
-0.009363
0.027565
-0.036397
-0.025805
0.054147
-0.054386
-0.004733
-0.046443
0.026268
-0.140955
-0.021047
-0.005912
-0.102082
-0.127014
-0.065981
-0.128587
-0.042763
-0.005137
-0.109071
-0.069965
0.015395
-0.079275
-0.112121
-0.046159
-0.073512
0.041347
-0.008847
-0.058779
0.078770
-0.091960
-0.072533
0.044018
-0.119731
-0.009526
-0.067307
-0.058656
-0.039474
-0.136007
0.058892
0.054678
-0.014555
-0.034334
-0.148809
0.152611
-0.075212
0.075416
0.128068
-0.089124
-0.020089
-0.087950
-0.039066
-0.061143
-0.024893
-0.059630
-0.057810
0.015846
-0.019200
-0.086484
-0.151157
-0.150799
-0.116943
-0.097600
-0.041876
-0.121580
0.118300
-0.090644
-0.131506
-0.078660
-0.022579
-0.047018
-0.061062
0.058998
0.007362
0.061063
-0.158139
0.038449
-0.048797
0.027095
0.022182
-0.126016
-0.121614
-0.051319
-0.123584
-0.204836
-0.016249
-0.020861
0.062178
-0.072671
0.050373
-0.036575
-0.010741
-0.128030
-0.064720
0.072560
0.109541
-0.090628
0.010416
-0.070422
-0.056111
-0.004080
-0.017286
0.021526
-0.054524
0.049010
0.149671
-0.036588
-0.026541
-0.033118
-0.016727
-0.112339
-0.001365
-0.038622
-0.020244
-0.056314
-0.130271
-0.099790
0.126434
0.048158
0.056859
-0.102382
-0.122873
-0.015796
-0.083427
-0.000859
-0.054893
0.009070
0.021682
-0.017326
-0.071543
-0.050565
-0.140786
-0.153814
-0.036841
-0.056101
-0.097971
0.022508
-0.150097
-0.045138
-0.048971
-0.097310
-0.075143
-0.024974
-0.127907
-0.049123
-0.008190
-0.066659
-0.088502
-0.053477
0.016126
-0.122607
-0.069667
0.067610
0.056870
0.173449
-0.123391
0.014926
-0.113889
-0.010894
-0.060138
-0.050660
-0.095078
-0.120183
-0.087038
-0.014575
-0.008401
-0.146754
0.146529
-0.092515
-0.024717
0.010447
-0.062811
0.079696
0.133799
-0.065631
-0.028656
-0.029177
0.045251
0.028902
-0.041148
-0.021909
-0.118150
0.072351
-0.060894
-0.049005
0.082525
0.080986
-0.026418
-0.179701
0.068137
0.105356
-0.036108
-0.040322
0.012275
-0.047840
-0.015869
-0.070718
-0.050455
0.048303
0.001095
-0.223822
-0.002859
-0.014066
0.193346
0.051064
0.024989
0.047024
0.027540
0.053448
0.054163
0.043700
0.113977
0.071955
0.087748
0.163425
-0.139324
-0.020494
0.101705
0.014208
-0.198572
-0.102571
0.015312
0.078602
-0.047946
-0.021161
-0.115965
0.085071
-0.039546
0.044929
-0.189238
0.022926
0.021680
0.038355
0.025664
-0.127068
-0.053551
-0.119428
-0.016632
0.006929
0.009853
0.096474
-0.114850
-0.108561
0.256210
0.006444
-0.028501
-0.147051
0.024775
-0.096607
0.122970
0.038416
-0.021530
0.100374
0.138126
0.009633
-0.035338
-0.048748
-0.054680
-0.161925
-0.125094
0.145906
0.034414
0.072394
-0.168763
0.053334
0.034639
-0.078698
0.028843
-0.039599
0.004274
0.001205
-0.012825
-0.005884
0.073324
0.017617
-0.099583
0.092873
0.275789
-0.081371
-0.131781
-0.032127
-0.006352
0.093630
-0.052083
-0.037682
-0.075401
-0.131788
-0.028117
0.031424
0.098986
-0.092364
-0.000321
0.168370
-0.018155
0.020069
0.206258
-0.009867
-0.013617
0.078671
0.011379
-0.059584
-0.047840
-0.070795
0.065001
0.063560
0.018098
0.080711
-0.010227
0.087924
-0.005624
-0.017964
0.029977
0.119882
0.024792
-0.035285
0.229271
0.203853
0.075740
-0.101558
0.154309
0.090999
0.102555
0.186957
0.035873
0.183091
-0.094654
-0.115762
-0.030956
0.023511
-0.006360
0.151973
0.050765
-0.043963
0.026270
0.093688
0.043062
-0.097477
0.046343
-0.005912
0.043154
0.032515
0.013138
-0.029073
-0.023941
-0.034790
0.021387
0.070812
0.028799
-0.011663
-0.041139
-0.013194
0.024821
0.004419
0.126471
0.201074
0.055562
-0.053083
-0.027489
0.053648
0.063791
0.143528
0.042528
-0.024909
0.015074
0.002629
-0.011855
0.095298
-0.100756
-0.056819
0.002397
-0.187602
0.020672
0.041084
0.039176
0.130165
-0.088737
0.049622
-0.144884
0.023714
0.011191
0.127784
-0.021357
-0.115273
-0.178872
0.075155
0.019278
-0.026175
0.014417
0.034137
-0.059644
-0.023829
0.021680
-0.062029
0.041333
0.005006
0.035460
-0.116552
0.095093
-0.193245
0.013142
0.062040
0.178384
-0.069122
0.003787
0.122343
0.026386
0.011655
0.129813
0.039727
0.091147
-0.033028
-0.043797
-0.032125
-0.180024
0.017477
-0.154503
-0.108178
0.005079
-0.073036
-0.021766
0.036491
0.023538
-0.037607
0.048665
0.063023
-0.015767
0.124185
-0.072039
-0.060866
0.056564
-0.253471
-0.068856
-0.011648
-0.039905
0.005772
0.050373
0.104387
0.061569
-0.194068
0.039477
-0.060683
0.010407
0.084633
-0.077564
0.033312
-0.022842
0.137459
0.102125
0.003563
0.141656
0.036868
0.007698
-0.082612
0.061188
-0.217238
0.020829
0.172716
0.065174
0.024186
-0.036159
0.056542
0.015138
-0.036253
0.083158
-0.138661
0.267060
0.062707
0.143514
-0.035127
-0.046603
-0.167547
0.058094
0.043906
0.040280
-0.137137
0.005919
-0.058446
0.056082
0.051326
-0.065808
-0.077473
-0.092373
-0.071217
-0.072049
0.053703
-0.122884
-0.019836
0.005327
-0.011946
0.038999
0.096960
-0.113414
0.128630
-0.007696
-0.001033
-0.015479
-0.135316
0.109595
-0.086390
-0.177180
-0.063868
0.056249
0.024665
0.043388
-0.071975
-0.045560
-0.101592
0.038261
-0.073783
0.093252
0.034426
0.078226
0.019641
-0.057708
-0.158652
0.001014
-0.074686
-0.036861
-0.011599
-0.160683
0.036487
0.103640
-0.072891
-0.084363
0.051064
-0.261488
0.080984
0.018893
0.025159
0.095170
-0.016642
-0.031762
0.103816
-0.079639
-0.115865
0.085502
-0.022150
0.230995
0.014557
0.056530
0.114693
-0.068697
0.238359
0.004169
0.045327
-0.020820
-0.115207
0.036684
0.067136
0.101009
0.008815
-0.083398
0.017012
-0.034515
0.033887
0.036187
0.051561
-0.129261
0.076681
-0.046612
0.053244
0.186629
-0.046966
0.146277
-0.003711
-0.054144
0.122837
0.026215
-0.019109
0.081179
-0.085662
-0.068375
-0.071919
0.065959
0.043429
-0.034420
-0.050097
0.074423
0.028399
-0.038299
0.089347
-0.053721
0.027134
-0.024567
-0.243451
-0.083652
0.052725
0.026991
-0.053824
-0.005421
0.067713
0.068995
-0.146955
-0.039185
-0.114838
-0.157451
-0.053392
-0.086786
-0.035335
0.059316
0.126870
0.039520
0.014747
0.015512
0.248988
-0.005718
-0.188448
-0.126967
-0.024902
0.040376
0.032763
-0.036434
0.061866
0.051074
-0.117666
0.029927
-0.054214
0.070159
-0.007404
0.008838
-0.063033
0.004412
0.053882
0.061640
-0.082736
-0.096810
0.014256
-0.029931
-0.119484
0.111987
0.053930
0.105826
-0.046404
0.066425
-0.105931
-0.012096
-0.162980
-0.068073
-0.080400
-0.089581
-0.096003
-0.035897
0.032299
0.071403
-0.131827
0.070408
-0.058840
0.007533
-0.068084
0.047628
-0.023811
-0.087941
-0.042785
-0.097206
0.020527
0.020646
0.017009
-0.011680
0.002077
-0.035258
0.006653
0.138858
-0.147146
-0.123336
-0.035203
-0.075870
-0.120487
0.057935
0.116417
0.211190
-0.034586
0.034134
0.006598
-0.093946
-0.058216
-0.022720
0.072327
0.046481
0.007024
0.011427
0.037233
0.071086
-0.064075
-0.013269
-0.066067
0.070149
-0.038542
0.113352
0.031350
-0.056144
0.110868
-0.163204
0.011061
-0.004076
-0.041824
-0.048937
0.176847
-0.100261
-0.046067
0.162784
-0.044423
0.041559
-0.031569
0.052441
-0.057036
0.013462
-0.030442
-0.075358
0.093333
-0.062683
-0.088331
-0.057389
0.038339
0.007435
0.006564
-0.106319
-0.068663
0.028054
0.065980
0.051826
0.019843
0.070212
-0.023657
-0.147523
-0.015380
0.183469
-0.098783
0.004390
0.022006
-0.054675
0.005628
0.013662
-0.031133
-0.052449
-0.069650
-0.015203
0.073298
-0.127042
0.045273
0.113314
0.023294
0.026163
-0.013471
0.027054
-0.042710
0.050654
-0.071668
-0.115963
0.056177
0.081410
-0.176213
0.172888
0.120407
-0.008867
-0.080995
0.214202
-0.152737
0.039303
0.017446
0.015205
-0.030979
0.028320
-0.025697
0.019491
0.043509
0.056110
-0.048973
-0.164283
-0.053372
0.071148
0.166354
0.009156
-0.120579
0.227083
0.121735
-0.096833
0.040462
-0.005702
0.003299
-0.035245
0.028379
-0.114126
0.069602
0.113287
-0.055218
-0.059692
0.020033
-0.105472
0.034838
-0.018241
0.087305
-0.099047
0.104601
-0.124724
-0.166997
-0.156561
0.045779
-0.029251
-0.009765
-0.031374
-0.091071
0.180983
-0.073574
-0.092307
0.038189
-0.052778
-0.065115
0.128914
-0.042968
-0.067623
-0.016629
-0.084947
-0.068936
-0.106070
-0.172524
0.150856
-0.039718
0.020204
0.075948
0.003539
-0.052345
0.040118
0.073948
0.022123
0.089984
0.067176
0.156232
0.130438
-0.014889
0.098131
-0.040455
-0.119966
0.127800
0.037398
-0.029610
-0.093228
-0.105143
0.073154
-0.099552
0.010138
0.010642
0.159121
-0.062336
0.039196
-0.028996
-0.000594
-0.091996
0.084887
-0.123960
0.038187
0.002441
0.021841
-0.117420
-0.114497
-0.138764
0.039913
0.018321
-0.071959
0.044806
0.059244
0.077279
0.077082
0.031970
0.000500
-0.029932
0.059728
0.042083
-0.047990
-0.065468
0.057903
-0.009164
0.041652
-0.067624
0.001616
-0.058421
0.029694
0.033039
-0.031021
0.019710
0.006705
0.000691
0.111356
-0.008805
-0.055878
0.027293
0.074111
-0.032753
-0.008550
-0.139579
-0.090481
-0.050986
0.038476
-0.002607
-0.075537
0.065900
-0.001689
-0.107864
0.077944
-0.067323
0.081999
-0.162363
-0.074360
-0.078238
-0.054054
0.238958
-0.069579
-0.033482
0.113493
-0.108400
-0.091501
-0.065000
0.015738
0.116970
-0.066733
0.141174
0.115008
-0.142321
-0.033052
-0.044521
-0.090455
-0.028226
-0.032054
0.052678
0.045302
-0.076243
-0.060321
-0.003557
-0.009561
0.070258
-0.080676
-0.146648
-0.055529
-0.047957
-0.125259
-0.015607
-0.012360
0.067182
-0.030117
-0.027480
-0.127694
-0.004383
0.051414
-0.174233
0.073951
-0.021184
0.033599
0.033867
0.073696
-0.144483
0.023941
0.008066
-0.068821
-0.113148
-0.115807
-0.122909
0.133702
-0.122126
-0.008285
0.110619
-0.076292
0.024863
-0.023235
0.000748
0.015896
-0.153862
-0.070482
0.006216
-0.118879
-0.047055
-0.058557
-0.096992
0.087610
-0.049433
-0.057770
0.031766
-0.093639
-0.099013
-0.011766
-0.030839
-0.043167
0.091792
0.073440
-0.088496
0.002307
-0.083436
0.029616
-0.086631
-0.029650
-0.000703
0.036917
0.057530
-0.016384
-0.025250
-0.126343
-0.076095
-0.166520
0.060039
-0.140072
0.047225
0.109314
0.032900
-0.016682
0.049236
0.055684
0.034696
-0.198795
0.005008
0.013394
-0.072209
0.038432
-0.135089
-0.155441
-0.083399
-0.131814
0.121787
0.005187
0.051501
-0.016660
0.077198
-0.083544
-0.011881
0.193782
0.055739
-0.067250
-0.002868
0.117903
0.048713
-0.170084
0.019726
-0.110528
-0.058105
-0.185278
-0.034091
0.004781
-0.037160
0.027573
0.034306
-0.001129
-0.054412
-0.029866
0.367952
-0.062030
0.105625
-0.147868
-0.039386
-0.003220
-0.134303
0.042018
0.061998
-0.054342
-0.140375
0.029371
0.112656
-0.050799
-0.032922
-0.044336
-0.116499
0.081156
-0.073834
0.027774
-0.082929
-0.006267
0.002090
-0.021294
-0.138880
-0.141988
-0.034920
0.012602
0.076107
-0.198979
-0.096189
-0.123464
-0.045706
0.033032
0.035459
0.088887
-0.019783
-0.086819
-0.184421
-0.136854
-0.141249
-0.122960
-0.037511
-0.013101
0.001617
-0.028200
0.005889
-0.118811
-0.134905
-0.050285
-0.127590
-0.059973
-0.002994
-0.135535
-0.058836
-0.090086
-0.002403
-0.055106
-0.127843
-0.111311
-0.201344
-0.120934
-0.057238
-0.029180
0.034548
-0.121129
0.221363
-0.110149
-0.083810
-0.110670
-0.068523
-0.125564
0.024319
-0.113301
-0.074289
0.001611
0.026717
-0.113484
0.073747
0.015716
-0.061322
-0.115266
-0.015886
-0.091557
-0.048420
0.056357
0.026332
0.233131
0.057232
-0.130767
-0.186959
-0.042881
0.030359
0.011264
0.072677
0.051986
0.041110
0.143797
-0.060660
0.082743
-0.053063
0.155147
-0.063495
0.120270
0.142185
0.019168
-0.016208
-0.107973
0.004126
-0.077513
-0.161807
0.015489
0.015550
-0.024596
-0.087913
0.040086
0.105605
0.072591
-0.025993
-0.142390
-0.008980
-0.063069
0.083604
0.043911
0.090954
0.043321
0.020921
-0.057857
0.004806
-0.043323
-0.012928
-0.119946
0.026622
-0.017076
0.075828
-0.012186
0.006635
0.021935
-0.083140
-0.053822
0.036168
-0.005219
0.200434
-0.005013
-0.045376
0.082360
-0.083735
-0.051457
0.083070
-0.019196
-0.058153
0.064394
-0.158991
0.085093
0.003044
0.086033
-0.096088
0.074649
-0.149963
-0.049223
-0.002903
-0.044605
0.005084
-0.042849
0.075149
0.218440
-0.002140
-0.112031
0.108676
0.030616
0.131285
0.351141
0.071053
0.131382
0.039741
0.104082
-0.002190
-0.076979
0.019221
0.089757
-0.077773
0.075417
-0.069988
-0.090588
-0.017534
-0.003380
0.029576
0.183902
0.021782
0.088391
0.031437
0.085491
-0.016848
0.125929
-0.037335
0.081840
0.070127
-0.110123
-0.160909
0.075434
0.125114
-0.021635
0.004418
0.009235
-0.119724
0.042022
0.088665
0.076886
-0.030467
0.087200
0.044937
0.095282
-0.118213
0.055999
-0.054860
-0.055139
-0.063384
-0.164503
0.042220
0.168083
-0.024814
-0.062990
-0.019702
0.012252
0.063506
0.071306
-0.086815
0.102212
0.087082
-0.027288
0.062401
-0.075427
0.084574
-0.005468
0.064659
0.069102
-0.067487
-0.032030
-0.100599
0.036026
-0.089714
0.166255
-0.041149
0.053373
0.099648
-0.022826
0.049295
0.100194
0.182148
0.107908
-0.180945
0.001011
-0.010592
-0.004983
0.051477
0.159903
0.029582
-0.120666
0.109449
0.139786
0.006014
-0.041790
0.080322
-0.044166
0.100369
-0.135060
-0.089448
0.108312
0.164575
0.039739
0.010226
0.060274
0.046039
-0.027863
-0.085404
-0.126886
-0.165762
0.045361
-0.051879
-0.000239
0.042666
-0.125132
-0.030034
0.057211
-0.123803
-0.214590
-0.042423
0.004836
-0.000802
-0.086534
-0.059033
-0.006267
0.040308
-0.024012
-0.092572
-0.129057
-0.039236
0.158597
-0.083901
-0.016066
-0.169886
0.176931
-0.146889
0.088081
-0.145893
-0.049159
-0.087950
-0.155382
0.029447
0.038158
0.014850
0.107771
0.069435
-0.242003
0.102109
-0.098186
-0.120983
-0.142521
-0.066082
0.060424
-0.135795
-0.085423
-0.039890
0.104300
0.020691
-0.036210
0.082242
-0.020252
-0.098130
0.077449
0.030934
-0.080070
-0.054729
-0.104459
-0.072908
0.158820
-0.126158
-0.208243
-0.016267
0.023583
-0.007500
0.028605
0.113650
-0.035290
-0.026215
-0.100593
0.005397
0.015137
-0.014513
-0.138501
-0.027051
0.047923
-0.094301
0.008489
0.156668
-0.180517
0.029359
-0.060967
0.033006
-0.052441
0.143780
-0.062511
0.014416
-0.072556
-0.120623
-0.086256
-0.000182
-0.066506
0.004524
-0.018286
-0.012200
0.102742
-0.001028
0.157210
-0.033918
-0.070731
-0.037306
0.080203
0.063271
-0.094178
-0.164635
-0.029459
0.107155
-0.076698
-0.089583
-0.006702
-0.162224
0.022777
-0.047818
0.107546
-0.019086
-0.100186
0.003442
0.057068
0.046286
-0.057375
0.128357
0.029378
0.038576
0.068860
-0.046156
0.117604
-0.106433
0.049425
-0.028475
-0.076991
0.011336
-0.080384
0.079167
-0.162521
-0.070425
-0.042590
-0.059651
-0.055297
-0.025427
0.023299
0.020066
-0.045579
0.016158
-0.005484
-0.196020
-0.023876
-0.215862
-0.051945
0.123757
0.049388
-0.049180
0.048146
0.012181
0.051290
-0.136908
-0.130688
-0.114320
-0.201882
-0.094728
-0.011336
-0.006517
-0.057192
0.006556
-0.112077
-0.119411
-0.225208
0.035063
-0.009991
-0.089877
-0.026419
-0.004042
0.012426
-0.014351
-0.084131
-0.181590
0.006780
0.037418
0.022231
-0.071495
0.093221
-0.156528
-0.076660
0.125156
-0.010823
-0.042448
-0.029117
0.019644
-0.080235
0.072108
-0.055745
0.016638
-0.058099
-0.075501
0.067406
-0.013355
0.007271
-0.040626
-0.112548
0.111593
-0.226022
-0.051330
-0.119824
0.099470
-0.028675
-0.011996
-0.129886
0.056954
-0.106060
-0.045482
0.130722
-0.131779
-0.147405
0.136698
0.016200
0.028620
0.029829
-0.066627
-0.109097
0.011085
0.079271
-0.115019
-0.034086
0.059331
-0.105271
-0.024861
-0.038590
0.037200
0.037635
-0.013861
0.064320
0.038751
-0.012942
0.006218
0.059758
0.162720
0.026851
0.057214
-0.042822
-0.047887
-0.120679
0.001641
-0.112055
-0.059072
0.034581
0.050207
-0.068175
-0.174558
0.049872
0.021497
0.107521
0.039033
0.039529
-0.222681
-0.014873
-0.018386
-0.066747
-0.036750
-0.084626
0.050608
0.004716
-0.106828
0.017435
-0.030116
0.054288
-0.031101
-0.047243
-0.053917
0.063237
-0.081142
0.011660
-0.037144
0.051850
-0.014177
-0.052843
-0.073793
0.020536
-0.002406
-0.025482
-0.007287
0.007998
-0.077181
0.000888
0.105543
0.211588
-0.003980
0.002162
-0.066955
-0.167046
0.084044
-0.133716
-0.011175
0.003161
-0.044749
0.002577
-0.032740
-0.055828
-0.086055
0.016108
0.026156
0.037243
-0.124138
0.095611
-0.167868
-0.054597
0.180468
0.073489
-0.035163
0.100829
0.106976
-0.045776
0.019200
0.167532
-0.011612
-0.078321
0.078238
-0.039206
-0.023832
-0.051548
0.079574
0.057273
-0.010243
0.105788
-0.086755
0.020760
0.037722
0.000103
0.129118
-0.058135
-0.012432
-0.107307
0.046261
-0.026247
-0.046921
-0.030068
-0.084451
0.034391
0.024979
-0.186838
0.132907
0.087159
-0.025860
0.086455
0.048397
-0.044966
0.047557
-0.066223
-0.092762
0.069728
-0.133529
0.025480
0.008397
0.005469
-0.069622
0.077797
-0.080772
0.079992
-0.154222
-0.052531
-0.177112
0.082105
-0.038692
0.018016
-0.113629
-0.092241
-0.074474
-0.035837
-0.085377
-0.072419
-0.030979
0.075090
0.018707
-0.004317
0.017253
0.118521
-0.138698
-0.002989
-0.109736
-0.104477
-0.023863
-0.046466
0.002765
0.163281
0.011938
-0.168999
0.057335
-0.091566
0.210070
-0.031075
0.220041
0.038888
-0.053852
-0.122228
0.009268
-0.066739
-0.118766
0.014642
0.103354
-0.040704
-0.190253
-0.108095
0.028611
-0.027081
0.109175
-0.061024
-0.189975
-0.070938
0.243907
0.096097
0.010142
0.062783
0.002018
0.017577
0.041280
-0.105658
-0.140842
0.048185
0.111629
-0.166183
0.138660
0.045365
0.029858
0.059297
0.128083
0.113032
0.073054
-0.036206
0.144690
0.035283
0.002295
-0.066708
0.053816
0.096669
-0.112368
0.034786
0.041875
-0.052783
0.082045
0.018896
0.031050
0.004196
-0.048490
-0.029589
-0.039025
-0.109979
0.010608
0.092480
-0.018246
0.025569
0.046521
0.013695
-0.075210
-0.096340
0.016733
0.012877
0.201494
-0.051237
0.033177
0.015671
0.001189
-0.061891
0.148235
0.029784
0.048840
-0.029165
0.053956
-0.142924
0.001711
-0.026752
-0.094630
0.027158
0.040468
0.001281
0.044411
-0.008281
-0.054909
-0.161089
-0.044975
-0.087960
0.083074
0.086496
-0.084069
-0.189462
0.085208
-0.122750
-0.160283
0.261058
-0.101431
0.042854
-0.046231
-0.081969
-0.031812
-0.039224
0.055402
-0.156615
0.098155
-0.038333
0.075599
-0.038939
0.049892
0.110709
-0.205957
0.033842
0.084359
-0.148508
-0.097672
-0.063459
0.007241
0.103664
-0.067025
0.110306
0.059525
0.060652
-0.034324
0.103113
0.131867
-0.130518
-0.056253
0.034878
-0.149432
-0.048642
-0.105692
0.015959
-0.051857
-0.028418
0.057351
-0.086244
0.040406
0.059861
-0.115726
-0.098168
-0.079078
-0.039614
0.107961
-0.049457
-0.096884
-0.102198
0.005535
0.054231
-0.045439
0.091432
-0.056916
0.024082
-0.022285
0.084388
0.064628
-0.004368
0.148389
0.049433
-0.048077
-0.112274
0.161257
-0.012920
-0.074261
0.019845
-0.050660
-0.219779
-0.066756
0.034991
0.090179
0.016728
-0.008731
-0.042543
0.071664
-0.014609
-0.010176
0.063527
-0.008296
-0.023532
-0.031399
0.012764
-0.101236
-0.029317
-0.078580
0.011023
0.070589
-0.033190
0.050064
-0.139980
0.050116
-0.042551
-0.090663
-0.085719
-0.032727
0.003012
-0.146257
-0.095720
-0.080170
-0.109628
-0.062345
-0.087613
0.055583
-0.062547
0.030824
0.113738
0.047243
-0.019364
-0.051922
-0.067732
-0.154592
-0.072419
0.031494
0.005579
-0.026003
0.056830
0.004047
-0.127078
-0.079503
-0.048839
-0.096213
-0.044479
0.078635
-0.035060
-0.092122
-0.047313
-0.024110
-0.061371
-0.028650
-0.012368
-0.032424
-0.006751
-0.105346
-0.135335
-0.020551
0.041618
-0.025381
0.020522
-0.027106
-0.046032
-0.037653
0.028319
-0.092695
0.031289
-0.027433
0.009114
-0.031152
-0.050144
-0.063485
-0.132843
0.020069
-0.063374
-0.033281
-0.017119
-0.098544
0.035828
0.113610
-0.018491
-0.097299
-0.133937
0.042618
-0.089096
-0.047153
-0.003502
0.017425
0.008523
-0.077353
-0.052886
-0.081070
-0.072626
0.024357
-0.095632
0.066130
-0.063730
-0.017963
-0.030517
-0.040313
-0.032380
0.035503
0.059017
0.015630
-0.011760
-0.076167
-0.145272
0.038163
-0.197433
-0.009059
-0.115121
0.016356
-0.041734
0.000838
-0.026677
-0.095602
0.045379
-0.042241
-0.095888
0.028863
-0.011766
0.064618
-0.070263
-0.009261
-0.006780
-0.014705
-0.016739
-0.017533
0.025014
-0.068239
-0.018727
-0.001975
-0.048395
-0.074384
0.021465
-0.017621
0.043309
0.029134
-0.087601
-0.091717
-0.037188
-0.036122
0.032883
-0.024510
0.053716
-0.068582
0.003456
-0.125522
0.004606
-0.104308
-0.122528
-0.091540
0.103171
0.012518
-0.125558
-0.068035
-0.105961
0.013856
-0.052302
0.030908
0.072773
-0.037393
-0.026683
-0.048196
-0.065761
-0.096673
-0.108179
-0.050959
-0.069246
-0.035501
0.016348
-0.037713
0.066513
-0.039196
0.089806
0.055830
-0.102527
-0.000803
0.017880
-0.056424
-0.108939
-0.073457
0.032778
-0.092554
0.051424
0.039372
-0.033928
-0.082310
-0.052703
0.037546
0.000176
-0.026251
0.063250
-0.008248
0.018364
-0.031717
-0.044199
-0.030756
-0.019785
-0.013036
-0.077634
-0.014096
-0.027379
-0.045333
-0.064833
0.003508
0.011601
0.073357
0.093808
0.016003
0.076500
0.033220
-0.076472
0.219497
-0.013575
-0.056772
0.060481
-0.022439
0.005713
0.059432
-0.052998
-0.002437
0.121548
0.097525
-0.027852
0.052536
-0.012938
-0.043043
0.071745
-0.013863
-0.070188
0.024578
0.050812
-0.026172
-0.042751
0.008827
0.037978
0.000079
0.025106
-0.027617
-0.015919
-0.041067
-0.054847
-0.005613
-0.003893
0.031914
-0.016085
-0.177871
-0.056686
-0.031686
-0.097919
0.061825
-0.194428
0.061927
-0.101022
0.084805
-0.065507
0.107292
-0.024301
-0.045769
-0.002256
0.087535
-0.037726
0.112305
-0.027992
-0.050408
0.046040
-0.059186
0.160894
0.063152
-0.010903
-0.011733
-0.006454
-0.035514
-0.064562
-0.090275
0.002872
-0.047803
0.093806
0.103933
-0.102957
0.053561
0.133389
-0.015238
-0.036773
-0.056137
0.119785
-0.109228
-0.016106
-0.040464
0.014948
-0.108831
-0.075219
-0.092383
-0.074241
-0.058744
0.084121
0.124683
0.121052
-0.120575
0.100006
0.009376
0.049527
0.042116
-0.047138
0.052645
-0.055777
-0.021780
0.002343
0.061516
-0.073438
-0.071838
0.002170
0.013307
0.052401
0.004026
0.033497
-0.028570
-0.058655
-0.075219
0.063396
-0.017320
0.008707
-0.084030
0.054509
-0.104198
-0.145987
-0.029498
-0.055026
0.123173
-0.056850
-0.096501
0.089905
-0.019066
-0.069905
0.081073
-0.005045
-0.085250
0.081046
-0.052672
0.093103
-0.029725
0.026712
-0.030877
0.073591
0.064017
0.168556
0.029692
0.023397
-0.000207
-0.012372
-0.070932
0.082002
0.024382
0.010548
0.069463
0.094572
0.043052
-0.004088
0.136460
0.043257
0.165649
0.051503
-0.065527
0.023859
-0.024247
-0.067798
0.079610
0.028333
0.096448
0.075209
-0.011361
0.019690
0.022534
0.079217
0.083251
0.037316
-0.029629
0.002946
-0.037449
0.196716
0.023914
-0.021083
0.051542
0.000496
0.065448
-0.087403
0.039875
0.083901
-0.000437
-0.051793
0.066222
-0.052750
-0.041118
0.043205
-0.035787
-0.124503
0.135088
-0.075787
-0.110921
0.242445
0.058466
0.119621
0.066656
0.235319
0.036842
-0.035215
-0.012947
-0.066475
-0.003175
-0.006421
0.075348
-0.133912
-0.100758
0.082638
-0.063970
-0.022674
-0.093060
-0.008363
0.044807
-0.050129
0.005777
-0.169426
0.057809
-0.141444
0.014293
-0.044832
-0.051393
-0.093984
-0.086399
0.031929
0.107340
0.110676
0.227712
0.042171
-0.004739
-0.035769
0.006825
0.044184
-0.109836
0.115480
0.024425
0.049132
-0.150685
0.136878
0.008335
-0.070946
0.032801
-0.032786
0.152525
0.226873
-0.046357
-0.024931
-0.051325
0.037987
-0.090437
0.046683
-0.116241
0.030557
-0.043120
0.018273
0.112123
-0.089023
-0.089817
0.008291
-0.142469
-0.143835
-0.009395
0.058081
-0.080055
-0.004088
-0.151728
0.151673
0.000841
0.015716
-0.061978
0.194443
-0.124583
-0.094784
0.148123
-0.022671
0.034887
-0.011543
0.354926
-0.026849
0.015868
0.006833
0.038566
-0.117157
-0.062810
-0.081745
-0.030858
-0.091941
0.215698
0.190730
-0.048917
0.014177
-0.110931
0.027781
-0.119095
-0.047783
-0.033974
-0.007183
-0.053904
0.097391
-0.140661
0.021455
-0.133936
-0.092021
0.071956
0.052925
-0.157708
0.160101
0.073240
0.045078
0.001784
-0.044472
0.030901
0.082374
0.132597
-0.058341
0.081534
0.052037
0.107762
-0.080587
-0.070570
-0.236268
0.035756
0.115950
0.183885
-0.057300
-0.121376
-0.139745
0.155407
-0.005157
-0.058083
-0.141547
-0.046829
-0.035474
0.010734
0.163459
-0.037994
0.021980
0.054567
-0.008117
0.062752
0.108550
0.116913
0.114239
-0.132760
0.080252
0.110362
-0.029942
0.155383
-0.141339
-0.037345
-0.080136
0.001341
0.018078
-0.034777
-0.143076
-0.099379
0.064194
-0.162335
-0.025383
0.081375
-0.040294
-0.016401
0.119036
-0.025251
0.002735
-0.047293
-0.021160
-0.030416
-0.122934
-0.060510
0.039519
0.051294
-0.040692
0.096288
-0.230449
0.135766
-0.036410
0.151826
0.214233
-0.042639
0.102262
-0.062501
0.010550
-0.026442
-0.040923
0.000425
-0.069565
-0.001769
-0.053524
-0.016221
-0.009196
-0.054565
-0.105896
-0.039776
0.019066
-0.143741
-0.050904
-0.010570
0.001160
0.051731
-0.027139
-0.113767
-0.117195
0.028811
0.017345
-0.076895
-0.015832
-0.028774
-0.048147
-0.009679
-0.077589
0.002817
-0.047309
-0.006734
0.110308
0.133147
-0.075256
-0.052950
0.018956
-0.102108
-0.054820
0.058498
0.002419
-0.036660
0.010257
0.049610
-0.050256
0.012826
-0.026917
-0.080012
-0.067631
0.069014
0.015133
-0.100460
0.069101
-0.014379
0.001560
0.066238
-0.130177
-0.091705
-0.042783
-0.009247
0.136862
-0.032897
0.096959
0.016812
0.052063
0.028847
-0.153595
0.046232
-0.057050
0.006451
0.004883
-0.090195
0.016301
-0.061542
-0.040570
-0.089543
0.003230
0.082231
0.023077
-0.006004
0.018781
0.008689
-0.002941
-0.029509
-0.157218
-0.018634
0.008453
-0.034410
0.012023
0.027814
-0.061061
0.042528
-0.068293
0.040237
0.031903
-0.118028
-0.021771
-0.060447
0.007553
-0.062910
-0.083489
0.057534
-0.002166
0.055240
-0.050662
-0.037070
-0.050227
-0.100848
0.078001
-0.016207
-0.038420
-0.010829
-0.024542
0.045929
0.013671
-0.011386
-0.030030
-0.089036
-0.089074
0.014052
-0.030385
0.008972
-0.024922
-0.043384
0.173950
-0.111158
0.008542
-0.004388
-0.072653
0.040669
-0.020126
-0.052181
0.029758
-0.067075
0.028749
-0.103164
-0.015496
-0.005249
-0.023515
0.010051
-0.108239
-0.075520
-0.085291
0.073759
0.034030
0.009509
-0.103616
0.025247
0.030656
-0.095560
-0.116569
-0.040927
-0.076838
0.025638
-0.045016
-0.063652
0.022075
-0.210667
-0.094208
0.039495
-0.035532
0.024665
0.035361
-0.055730
-0.021662
-0.006295
-0.033786
0.033686
0.112303
0.004091
-0.085361
-0.000561
0.055594
0.032651
0.025536
-0.008083
-0.007261
-0.023554
0.024371
-0.017491
0.035067
0.070540
-0.054654
0.058635
0.050607
-0.046079
-0.098077
-0.042943
-0.052627
-0.019508
0.023365
0.024400
