(3, 3, 3, 64)
0.243765
-0.005745
0.084328
0.172871
0.134880
-0.174723
0.070916
-0.036540
-0.120859
-0.174115
0.085631
0.010967
-0.006665
0.042924
0.041004
-0.048932
-0.016053
-0.204829
0.016279
-0.378934
0.017042
0.158435
-0.017622
-0.153056
0.001857
0.025881
-0.022043
0.054602
-0.012482
0.180667
-0.028657
0.144087
-0.186186
0.223911
0.030608
0.011563
0.154300
-0.103477
-0.016499
0.098403
-0.021840
-0.430853
-0.117334
0.142285
0.138151
-0.081389
0.450436
0.107487
-0.033478
-0.214167
0.207630
-0.293765
0.124125
-0.272384
0.031274
0.179318
0.030707
-0.250542
0.260167
0.120516
-0.193496
-0.074547
0.118584
0.159403
0.512242
-0.006384
0.168758
-0.317370
0.407778
-0.060943
0.046165
-0.004764
-0.422139
-0.227625
0.273291
0.080929
0.224112
0.162688
0.018211
-0.145499
-0.002543
-0.251658
-0.000437
0.031890
-0.030682
-0.246613
-0.002855
-0.314918
0.109898
0.017410
-0.000984
0.021362
0.051707
-0.030007
-0.015487
0.356955
-0.330059
-0.195632
0.030538
-0.177582
0.000971
-0.269061
0.034372
-0.075993
-0.030293
-0.087643
-0.025080
-0.099719
0.466010
-0.023205
0.219105
-0.107275
-0.044841
-0.545316
0.217397
0.235150
0.266668
-0.621648
0.171091
0.415497
0.218685
0.090274
-0.014655
0.184330
-0.381142
-0.251772
0.291144
0.432554
0.301559
-0.004169
0.013791
0.145621
0.252640
0.259557
-0.049939
0.013375
-0.342840
-0.230593
0.174576
0.043533
-0.022422
-0.227486
0.059629
-0.131039
-0.004484
-0.106938
0.004418
0.361959
-0.104744
0.071924
0.038214
-0.224387
0.239745
0.073194
0.046344
-0.075656
0.207375
0.063427
-0.152114
0.241064
0.431180
-0.102866
-0.087140
0.133654
-0.317937
-0.207250
-0.114357
-0.173349
-0.132543
0.396912
0.223096
-0.440761
0.416854
0.082235
-0.595859
0.030060
-0.016796
-0.408429
0.201799
-0.019235
0.245276
-0.416411
0.161851
0.289302
0.157171
0.142886
-0.465124
-0.032571
-0.158799
-0.137677
0.211527
0.200717
0.347531
0.000439
0.115403
0.190546
-0.021025
-0.142297
-0.248752
0.009641
0.100898
0.294238
0.186756
0.124108
0.142813
0.044287
0.289313
0.205895
0.071811
-0.061134
-0.004504
-0.254786
-0.074602
0.194865
0.030912
0.303281
-0.043849
0.239256
-0.023591
-0.038569
0.058984
0.155072
0.070643
-0.168735
-0.265505
0.309026
0.000148
0.219022
0.023423
-0.220046
-0.021356
0.102998
0.161917
-0.465714
0.022167
-0.060493
-0.015941
-0.466517
0.276523
-0.102451
-0.164204
-0.262747
-0.277779
-0.414529
0.023075
-0.025489
-0.211144
0.017158
0.126909
0.278659
0.355526
-0.125920
-0.009723
0.036551
-0.247738
0.167530
0.636765
0.010865
0.199806
-0.349443
-0.027039
-0.019905
0.314004
-0.030944
0.232793
0.346147
0.461025
0.243523
0.187501
0.192674
0.152069
0.515533
0.036542
-0.012142
-0.076272
0.058515
-0.362697
-0.412124
-0.010991
0.660446
0.020918
0.520023
0.005563
0.234153
0.091782
-0.041527
0.106069
-0.422389
-0.436835
-0.156459
0.016784
0.247040
-0.044756
-0.505414
0.000619
-0.042229
0.426882
-0.015283
0.062883
-0.386253
-0.170628
-0.076740
0.083590
-0.293569
-0.497049
-0.696446
-0.354371
0.241033
0.028540
-0.060107
-0.467719
0.046236
0.047572
-0.034161
0.078692
-0.157861
0.019497
-0.023857
-0.615939
0.331874
0.410756
-0.008346
-0.017896
0.193283
-0.041546
0.329223
-0.101085
-0.000620
0.239521
0.360592
0.363009
0.076702
0.054930
-0.210535
0.186876
0.353625
-0.001317
-0.072473
-0.047969
0.253163
-0.483206
0.225315
0.020415
0.452144
0.256879
0.283370
0.023105
0.415153
0.169228
0.150682
0.021918
-0.308707
0.156955
-0.191701
-0.008601
-0.356412
-0.000410
-0.377049
-0.152590
-0.157913
0.276358
0.409413
0.059731
-0.611176
-0.135017
0.558035
-0.330757
0.353896
-0.353717
-0.479353
-0.308372
0.117466
0.001368
-0.088233
-0.351143
-0.002687
-0.136773
-0.235209
-0.442867
0.030671
-0.024715
-0.003773
-0.423996
0.185881
0.191839
-0.001719
0.067811
0.088714
-0.133189
-0.157731
-0.089453
-0.032509
-0.011485
-0.113019
0.094714
-0.195070
0.223018
-0.000129
0.241341
-0.094331
-0.029691
0.244581
0.000149
0.211412
-0.056749
0.132673
0.017241
-0.119768
-0.056279
0.159277
0.000373
-0.091478
0.145422
0.243847
-0.006132
0.024740
0.060731
0.179347
0.139851
0.094698
-0.234188
-0.116752
-0.221904
0.098000
0.036560
-0.278204
0.128273
0.003824
-0.044261
-0.350915
-0.185737
0.059767
0.157585
-0.166440
0.068171
-0.153028
-0.143227
0.053662
0.175007
-0.181877
0.103411
0.562443
0.345593
-0.402195
0.220699
0.142958
0.156494
-0.015078
0.438110
-0.016330
0.142878
-0.134063
-0.408801
0.043720
0.233504
-0.149606
0.073750
-0.100674
0.280116
-0.396681
0.154691
0.154576
0.111850
-0.229747
-0.007526
0.294508
0.008302
0.003064
-0.441831
-0.233508
-0.008302
-0.304445
-0.133043
0.371534
-0.007208
-0.023476
0.169690
0.187770
-0.039334
0.117433
0.088995
-0.174204
0.158435
0.465690
0.065078
-0.295382
-0.126673
0.023915
0.044503
0.018487
-0.161582
0.033856
-0.147287
-0.110033
-0.107285
-0.108005
0.102313
-0.500087
0.120109
0.067808
-0.308922
0.141618
0.344441
-0.376180
-0.031245
-0.143675
0.129652
-0.476539
0.426582
0.525284
0.380373
-0.090272
0.293412
0.002190
-0.096367
0.022153
-0.254529
0.347851
-0.099160
-0.093278
0.035846
-0.136389
0.204880
-0.379318
0.220978
-0.205708
0.165102
-0.144767
-0.064674
0.220383
0.030903
-0.228743
-0.537842
0.081232
0.025067
-0.242473
-0.118640
0.043737
-0.004952
0.200036
0.216765
0.285794
-0.218689
0.098011
-0.096189
-0.055838
0.265543
-0.470119
0.576393
-0.166360
-0.105264
-0.091391
0.061281
0.208634
-0.497582
0.041618
-0.119449
0.455230
0.257707
0.045242
0.067531
-0.332885
0.156452
-0.044374
-0.286306
0.076545
0.157365
-0.328200
-0.169477
-0.348043
-0.297765
0.070574
0.182792
0.388044
0.254613
-0.014151
-0.101133
-0.070792
0.154751
0.195457
0.050099
0.052412
-0.198284
0.005422
-0.134279
0.362481
-0.202483
-0.029858
-0.159204
0.045553
0.019548
-0.151719
0.136183
0.100497
-0.036387
-0.431813
0.038650
0.158074
-0.018176
0.023319
-0.099373
-0.261908
-0.034071
0.032327
-0.181295
0.144928
-0.000684
0.205186
-0.278575
0.199241
0.008939
-0.137426
0.156167
0.220941
0.113437
0.142755
0.138076
-0.240875
-0.137131
-0.049269
-0.056993
0.404419
0.426837
-0.052652
0.133225
-0.046088
-0.273886
-0.314847
-0.298763
0.029677
0.073713
0.232184
0.070124
-0.510795
0.034865
0.257374
-0.291177
-0.044603
0.029054
0.201450
-0.156919
-0.135183
0.180041
-0.356998
0.052174
0.170871
0.299684
0.029781
-0.457264
0.504811
-0.599360
-0.094744
0.173024
0.157915
0.031502
-0.364100
0.102810
0.092290
-0.119710
0.031645
0.271398
-0.339132
0.006411
0.031596
-0.027503
-0.545168
0.012898
-0.300535
-0.041683
-0.191464
0.065447
0.522666
-0.434733
-0.128659
0.029793
-0.456088
0.060497
0.584796
0.105503
-0.055926
0.383104
0.059720
-0.031814
-0.341801
-0.140515
0.063475
0.165361
-0.245793
0.422614
-0.041427
-0.438489
0.250390
-0.582399
0.028393
0.253484
0.502464
0.087066
0.182612
0.122882
0.325853
-0.554985
-0.023210
0.086727
0.404754
-0.155887
0.034625
0.162259
0.210176
0.049170
0.232427
-0.154220
0.022471
-0.346646
0.387266
-0.481391
0.024976
-0.237953
-0.236735
0.040401
-0.317614
0.100259
0.028950
-0.120921
0.432727
0.326282
0.149683
0.029533
0.008233
0.242583
-0.262679
0.119195
-0.522002
0.114448
-0.093997
-0.173044
0.347353
0.272269
-0.110312
-0.102585
0.476898
-0.313087
0.375315
-0.034090
-0.190412
0.224111
0.186661
0.205156
-0.513691
-0.099256
-0.471027
-0.547157
0.239727
0.303996
-0.020769
-0.332120
0.041365
-0.382664
0.009114
0.247782
0.348957
-0.072058
0.314634
0.127514
-0.074221
-0.264281
-0.039344
0.087241
0.267636
-0.154434
-0.001850
0.280776
0.188534
0.039925
0.002132
-0.569517
-0.046543
0.165912
-0.496830
-0.332969
0.299233
-0.086889
0.072531
0.060024
0.328025
0.368426
0.297908
-0.222343
-0.000518
0.102119
0.177654
0.030805
0.003793
-0.156339
-0.095505
-0.086332
0.057295
-0.130854
0.081901
0.133524
-0.277136
0.042715
0.283318
-0.128940
0.128485
0.070356
0.337107
0.152654
0.116786
0.231777
0.011100
0.012325
0.025348
-0.176656
-0.050293
0.009044
-0.334993
-0.186184
-0.040672
0.560395
-0.441840
-0.023094
0.262502
-0.330370
0.001669
0.204401
-0.102049
-0.021168
0.230616
-0.011963
-0.174654
0.027574
-0.142001
-0.273648
0.008461
0.405682
-0.386160
0.175833
0.062590
0.680146
-0.037636
0.427851
-0.843703
-0.885568
0.631294
0.168315
0.146306
0.033762
0.839061
0.249146
0.445219
-0.388562
0.037713
0.325072
-0.526053
-0.049174
-0.046474
-0.228835
-0.258343
-0.012955
0.289051
-0.017029
-0.292452
0.293807
-0.657193
-0.031232
-0.109138
-0.035855
-0.029598
-0.222143
0.857578
0.085219
-0.069324
0.431396
0.077562
0.172744
0.027237
-0.635808
0.006226
-0.017271
-0.437955
-0.311732
-0.013400
0.768813
0.265575
-0.078379
0.647135
-0.712950
0.032873
-0.007806
0.074450
-0.016505
0.329584
-0.001586
-0.647770
-0.050603
-0.364791
-0.211699
0.035843
0.313217
0.216854
0.087669
0.169038
-0.193297
0.006732
0.378548
-0.589796
-0.688487
0.403085
-0.258347
-0.295724
0.129176
0.534182
0.196010
0.307541
-0.341636
-0.005333
0.303732
0.353442
0.001742
-0.007686
-0.056608
-0.162032
0.087063
0.317125
0.027925
-0.052610
0.163777
-0.464352
-0.025314
-0.202147
-0.154694
-0.055206
-0.364576
0.566517
-0.149027
-0.204405
0.362265
-0.093399
0.283468
0.028480
-0.551097
0.017156
0.057899
0.619276
-0.245508
-0.030203
0.593267
0.171192
-0.064421
0.427760
-0.486959
-0.005674
-0.259120
0.032142
-0.009734
0.134082
-0.027944
-0.506351
-0.069297
-0.267706
-0.097855
-0.006219
0.206253
0.106673
-0.038459
-0.108551
-0.377447
-0.311624
-0.035206
0.207091
-0.218418
0.126147
0.016919
0.036628
0.025617
-0.236975
0.071790
-0.278130
0.027882
0.409215
0.030650
0.160709
0.028501
-0.001740
0.021455
0.232578
-0.042943
-0.058325
-0.078004
0.098472
0.011280
0.067422
0.312051
0.202804
0.008240
0.123729
-0.165225
0.218206
-0.047492
0.217099
-0.098647
0.223883
0.020212
-0.009829
0.008569
-0.389987
-0.401122
-0.042309
-0.145059
0.023291
-0.215017
-0.113774
0.359629
0.125644
0.258065
-0.243512
0.143159
0.481145
-0.097019
-0.271947
0.300068
-0.003916
-0.018568
-0.189253
-0.187282
0.004657
0.326814
-0.141329
-0.038795
-0.072109
0.492305
-0.326441
0.035122
0.296725
-0.642127
0.192197
0.145640
0.149260
-0.004494
-0.494504
0.041535
-0.489915
-0.031319
-0.050492
-0.076315
-0.333476
-0.007642
0.029020
-0.101902
0.454358
0.012043
0.136799
0.010022
-0.163969
0.061985
0.207684
0.452336
-0.155057
0.059896
0.341873
0.124605
0.552446
-0.059801
0.163954
-0.349608
0.039098
-0.210118
0.290122
0.121402
-0.091694
-0.185672
-0.144462
-0.481678
0.058783
-0.304963
0.096827
0.675159
0.245282
0.503597
-0.511008
-0.012186
-0.080494
-0.145243
-0.346771
0.548386
-0.026024
-0.015989
-0.431118
-0.087523
-0.009151
0.206123
0.029428
-0.066160
-0.022987
-0.192093
-0.252808
-0.036818
0.273027
-0.507777
0.029814
-0.064963
-0.284910
0.128271
-0.313877
-0.035022
-0.307613
-0.017110
-0.427327
-0.120624
0.178344
0.026504
0.001148
-0.297126
0.220836
0.042936
0.284456
0.101616
0.019776
-0.173829
0.178338
-0.219355
-0.097422
0.031335
-0.451844
0.572084
0.409031
-0.210678
0.009214
-0.204978
-0.283070
-0.422418
0.492836
0.102156
0.467625
0.586892
0.160927
-0.368745
0.066777
-0.246013
0.029532
0.506105
0.198154
0.255587
-0.374122
-0.191864
-0.340498
-0.125288
0.064723
0.267813
-0.025337
-0.008416
-0.218906
-0.068471
-0.422614
-0.284655
0.156673
-0.143832
0.119193
-0.110331
-0.001013
-0.003029
-0.156076
0.110692
-0.320784
-0.207930
-0.064436
0.016620
-0.075484
-0.076239
0.126752
-0.013593
-0.223297
-0.112360
0.126892
0.032436
0.137356
-0.143139
-0.007178
0.259721
0.085137
-0.244421
0.051258
-0.146151
0.130691
-0.038336
0.087935
0.154449
-0.196041
0.128581
-0.054665
0.151836
0.167739
0.014199
0.206604
-0.100338
0.014294
-0.020941
0.461165
0.194800
0.038111
0.138392
0.190477
0.107027
-0.110699
0.190554
0.030207
0.009746
0.208600
0.153128
-0.474850
-0.343665
0.083436
-0.230931
0.141641
-0.152752
-0.046388
-0.221388
-0.506169
-0.487490
-0.179991
-0.449736
-0.158499
0.228889
0.030702
-0.141680
-0.222779
0.294207
-0.604178
0.092989
0.197065
-0.010084
-0.181146
-0.022642
0.127573
0.040740
0.005841
-0.087000
-0.163238
-0.039903
0.318512
-0.113934
0.015975
0.263191
-0.318542
-0.168044
-0.234877
-0.058811
0.375834
-0.084131
-0.096881
0.099786
-0.455012
0.125306
-0.212975
0.114015
-0.071637
0.058972
0.077320
-0.000169
0.058084
-0.165804
0.098006
0.051689
-0.143367
0.420582
0.561168
0.145673
0.166788
0.340637
0.096205
0.130822
0.398153
0.017395
0.133099
-0.153834
-0.006771
-0.424423
0.524760
-0.326583
-0.077636
-0.128102
-0.128610
-0.172476
0.032281
-0.328488
-0.560886
-0.149986
-0.001848
-0.110512
-0.144439
0.198844
-0.276524
-0.234666
-0.016164
0.011159
-0.165030
0.004506
0.075064
-0.014264
0.244017
0.070309
0.021507
-0.010976
0.217641
-0.000625
0.120196
0.377346
-0.641043
0.043723
-0.187267
-0.223506
0.227987
0.058217
0.014545
0.050752
0.495301
-0.208956
-0.202425
0.120534
-0.247654
0.082659
-0.291064
0.211373
0.068151
-0.150979
-0.560658
-0.236530
0.098122
0.268332
0.451736
0.172139
-0.042531
0.191926
0.113451
0.148905
0.268090
-0.193945
0.262754
0.311841
-0.314583
-0.201497
0.361187
-0.243678
-0.028279
-0.185216
-0.021158
-0.401933
0.130572
0.012683
0.163108
-0.372396
-0.031012
0.087166
0.246828
0.188196
-0.013372
-0.213208
-0.019709
-0.001324
0.192804
0.064999
-0.159337
-0.021729
0.257036
0.034717
0.171053
-0.226770
-0.238665
0.022614
-0.267851
0.006120
-0.000174
-0.286711
0.065130
-0.068824
-0.151308
0.246981
0.151157
-0.045761
-0.106750
0.072115
-0.174409
0.248918
0.175444
-0.129296
0.469607
-0.073654
0.029233
0.057543
0.436859
-0.267498
-0.131774
0.079249
0.267481
-0.251262
-0.208089
0.026544
0.074805
-0.208275
0.016946
0.220633
-0.383984
-0.314440
0.244933
0.008977
-0.027657
0.311779
-0.227188
-0.462380
-0.037106
-0.660694
-0.166732
-0.013414
-0.119789
0.501771
0.024264
0.297957
0.353183
0.495099
-0.069039
0.092241
0.207283
-0.021818
0.534588
0.050263
-0.322487
-0.015803
-0.011113
0.252582
-0.309780
-0.453116
-0.589441
-0.050733
-0.572666
0.092984
-0.086881
-0.162761
-0.264025
0.126804
-0.444523
0.335440
-0.119098
0.014522
-0.274509
-0.140192
-0.430305
0.181620
0.021381
-0.351888
0.028558
0.064838
0.325273
0.117225
0.091897
-0.131156
-0.271400
0.426512
0.707407
-0.312490
0.119152
0.068741
0.152431
-0.470611
0.024596
-0.038043
0.114606
-0.057144
0.285385
0.003429
-0.015256
0.658316
-0.470392
-0.258419
0.058224
-0.273761
0.020235
-0.018940
-0.522889
-0.193126
0.000320
0.273344
0.275525
0.337200
0.031013
-0.321384
-0.092953
0.077542
0.372951
0.038117
-0.195300
-0.051433
-0.255253
0.360148
0.136948
-0.365806
-0.389473
-0.217817
-0.299948
0.248432
-0.157367
0.016390
-0.144112
-0.014404
-0.310528
-0.203038
-0.059161
-0.035425
0.298841
-0.340079
-0.352607
0.010243
-0.132294
-0.182402
-0.459866
0.280891
0.551743
0.056635
-0.563393
0.403347
0.324876
0.325438
0.494605
-0.239614
0.061397
0.030472
0.132222
-0.326237
0.007528
-0.267922
0.234080
0.429516
-0.014640
-0.001127
-0.019921
0.453621
-0.280817
-0.191425
0.009822
-0.233731
0.066987
0.151836
0.214896
-0.212955
-0.036637
-0.006311
-0.090057
0.099154
0.055825
-0.100109
0.022234
-0.021179
-0.116405
0.032118
-0.000976
-0.014984
0.416564
-0.002833
0.098647
0.009853
0.111856
0.278458
0.003489
-0.128652
-0.058654
-0.128311
0.116605
-0.089960
0.019598
0.191075
0.098604
-0.039208
0.031693
-0.167901
-0.062429
0.089546
0.134388
-0.295375
0.424977
0.082794
-0.091672
0.066813
0.038682
-0.392749
0.076843
0.004648
0.186765
0.152729
0.027198
-0.211898
-0.226616
0.148414
-0.187426
0.068554
0.164206
-0.270093
-0.069015
0.237900
-0.054892
-0.180911
0.067623
-0.444223
-0.006433
-0.402775
0.048839
0.421986
0.073686
0.341349
0.005159
0.002035
-0.104430
0.312791
0.104514
0.146987
0.226818
-0.028125
-0.276120
0.002118
0.103678
0.027219
-0.057292
0.174346
-0.190057
-0.086886
0.320993
0.296925
-0.094645
0.013154
0.029095
-0.073542
-0.165885
0.031893
0.069449
0.375359
-0.136081
0.007078
0.165746
-0.003744
-0.234565
0.015788
0.104060
-0.629786
-0.008569
-0.029801
0.128425
0.517779
-0.014006
-0.171101
-0.054330
0.018190
0.482790
0.156100
0.007935
-0.376626
-0.536650
0.332115
-0.422588
-0.093872
0.028494
0.025545
-0.065052
0.431925
-0.226957
-0.347107
0.158839
-0.237857
-0.000813
-0.138244
-0.085915
0.306776
-0.287031
-0.195242
-0.036373
-0.037895
-0.145962
0.227660
0.014460
-0.170194
-0.087087
0.063847
-0.150485
-0.053091
0.142484
0.026509
-0.417120
0.215326
0.049228
-0.032214
0.233666
-0.151172
-0.048169
0.124910
0.175206
0.117468
-0.044296
-0.128155
0.089985
-0.386457
-0.001380
-0.050724
-0.203597
0.377074
-0.175067
-0.168885
-0.009417
-0.422324
-0.385912
-0.147331
0.477897
0.452855
-0.044730
0.534293
-0.009811
0.031735
0.354902
0.118126
-0.027489
-0.210969
-0.370288
0.174283
-0.311795
-0.186656
-0.185270
0.415694
0.067923
0.216065
-0.163478
-0.221443
0.183074
