(96,)
-0.003082
0.000166
-0.002269
0.008285
0.016772
0.007289
0.012946
0.002052
0.000308
0.000103
0.014177
-0.000083
-0.001233
0.025195
0.011299
-0.004783
-0.004164
0.013629
0.000851
0.008702
0.010142
-0.007636
0.002966
0.013150
0.004378
0.009482
-0.003465
-0.000610
-0.000808
0.001830
0.011984
-0.000322
0.013999
0.007807
0.012035
-0.001856
0.000314
-0.003124
0.003058
0.003061
0.009117
-0.003803
0.001356
0.006038
-0.001127
-0.001232
-0.007592
0.027724
-0.003605
0.009616
-0.002929
0.007640
-0.005739
0.016343
-0.004987
0.005762
-0.002055
-0.003458
0.004332
0.012611
0.006119
0.003745
0.008657
-0.002157
0.010179
0.010867
0.014846
-0.000908
0.005871
0.005580
-0.000969
-0.001546
0.009886
0.010138
-0.001931
0.002133
0.010775
-0.004752
-0.003446
0.002968
0.010022
0.008542
0.017251
0.000961
0.000247
-0.002073
0.001552
-0.003881
-0.000564
0.007008
0.005730
0.004880
0.022737
0.007388
-0.003098
0.006523
