(256,)
0.019771
0.007578
0.021491
0.028303
0.015209
0.010821
0.013227
0.034469
-0.005576
0.026767
-0.000190
0.000478
0.020448
0.037190
0.000813
0.013329
0.002321
0.030797
0.030947
0.026354
-0.012577
0.006323
-0.001058
0.078179
0.025748
-0.010839
0.006236
0.048280
0.028785
0.024815
-0.016861
0.022633
0.010075
0.013836
0.013496
0.022295
0.003639
0.014029
0.007546
0.037214
0.020938
0.013442
0.029532
-0.001026
0.034910
0.020495
-0.002503
0.060952
0.013655
0.013220
0.029120
0.022110
0.024427
-0.002569
0.042416
0.014642
0.010849
0.009605
0.034761
0.015310
0.025023
0.009127
0.012032
0.022450
-0.002268
0.038977
0.019279
0.017354
0.006025
-0.006732
-0.008950
0.037654
0.025948
0.017334
-0.005490
0.024088
0.017501
0.012183
0.072389
0.012835
0.029206
0.015541
0.033473
0.003428
0.019409
0.001539
-0.007447
0.017671
0.015256
-0.000209
0.047413
-0.005040
0.010051
0.059289
0.012335
0.058933
0.025268
0.016897
-0.004125
0.014967
0.028762
0.010378
0.008772
-0.000350
-0.009979
0.013350
0.034901
0.025920
-0.002056
0.004830
0.001180
0.000499
0.024145
0.013554
0.020356
0.006793
0.007823
0.008947
0.004138
0.015606
-0.006228
0.051898
0.006169
0.038565
-0.003458
0.037894
0.049196
0.007395
0.016783
0.006765
0.005138
-0.005382
0.023997
-0.007451
0.028383
0.009238
0.017859
0.008427
-0.003998
0.024924
-0.008105
0.009626
0.014300
0.005817
0.000309
0.028713
-0.002490
0.006177
0.056469
0.010314
0.031533
0.013690
0.012110
0.004036
0.007494
0.016634
-0.004094
0.022221
0.023858
0.015497
0.016323
0.010519
0.035819
-0.002559
0.020174
-0.007784
0.001475
0.002056
0.008826
0.015558
0.056829
0.011745
0.015145
0.005370
0.035585
-0.002337
0.026388
0.019587
-0.012816
0.002247
-0.000899
0.006188
0.008287
0.034341
0.010146
0.003947
0.027685
0.017289
0.073581
0.003736
0.012299
0.032463
0.020669
0.017667
-0.003491
0.012524
-0.006425
0.001419
0.016631
0.053640
0.010399
0.004045
0.012341
0.039535
-0.011383
0.015859
-0.001510
0.020001
-0.009211
0.004248
0.013169
0.016500
0.040857
-0.008917
0.009954
0.009970
0.010311
-0.001437
0.001859
-0.001704
-0.009610
0.039234
-0.005068
0.025023
0.081088
0.036702
0.010868
0.016018
0.001555
0.015196
0.006119
0.028507
0.004886
0.064841
0.011883
0.033795
0.018333
0.028344
0.009737
0.011184
0.011371
0.016460
0.002467
0.005933
0.005315
-0.000150
0.038221
0.020600
0.018593
0.033784
0.025410
0.005288
0.046857
0.026751
0.017987
0.020175
