(64,)
-0.012534
-0.028939
-0.001255
-0.057683
-0.036495
-0.044721
-0.014009
0.130679
-0.037445
-0.058511
-0.014277
-0.034814
0.018907
-0.057584
0.034680
-0.024936
-0.066786
-0.024409
-0.048349
0.022339
0.027281
-0.023584
0.041546
0.023533
0.026459
-0.031490
0.030978
0.010616
0.041944
0.054755
-0.015790
-0.015915
0.093387
-0.008158
0.020847
0.050143
-0.039474
0.081035
-0.009034
0.306401
0.056072
-0.050254
0.075597
-0.026694
0.048072
0.029283
0.018590
0.035380
-0.050103
-0.033559
-0.054243
0.028914
-0.022995
0.019287
-0.003700
-0.005878
0.049475
0.019475
0.045480
-0.002005
-0.024693
0.012535
0.025408
-0.016638
