(1, 1, 64, 16)
0.035483
-0.156983
0.289538
-1.059494
0.043171
0.003460
-0.010662
0.249475
0.086636
-0.029486
0.081899
-0.120820
-0.008295
-0.005988
0.559020
-0.087272
-0.085301
0.176700
0.246616
0.122507
0.011031
-0.058932
0.012404
-0.028860
-0.031427
0.658666
-0.067810
0.033016
0.286474
0.010261
0.034846
0.106267
0.100001
-0.173827
0.233486
-0.879510
-0.049518
-0.041909
-0.040743
-0.016563
0.129618
-0.024893
-0.007788
-0.068098
-0.053301
0.045981
0.488500
-0.007715
-0.032187
0.059668
0.069224
0.073520
-0.066304
0.391050
-0.022890
-0.020407
0.071272
-0.195417
0.008933
-0.015974
-0.224063
0.558304
-0.040444
0.064680
0.418832
-0.186648
-0.194905
-0.063455
-0.169216
0.067581
0.022029
0.145543
-0.169304
-0.030131
-0.036814
0.440529
0.007336
-0.007779
-0.059553
-0.010911
0.068842
0.027228
0.139903
-0.400731
-0.199911
0.092959
0.054224
0.074844
0.302271
-0.021243
-0.179207
0.029998
-0.029757
-0.076165
0.274763
-0.185541
0.029513
0.077635
0.001716
0.120294
0.002565
0.239487
1.208400
0.063533
-0.000340
0.047701
0.018271
-0.024850
-0.287397
0.168137
-0.038460
-0.082712
0.161183
0.140838
0.241816
0.238203
-0.013492
0.039252
0.042685
0.035773
0.040099
0.678637
0.314235
0.014938
0.186626
-0.048573
-0.045961
0.053189
-0.207471
0.052826
-0.361584
0.156899
0.335295
0.018560
0.004122
0.133166
-0.071755
0.027435
-0.257754
-0.073026
0.039007
-0.006303
-0.133712
0.154120
0.023523
0.086558
-0.004964
0.192327
-0.441477
0.026749
0.043295
0.043390
-0.270891
0.066285
0.001232
0.750271
0.042083
0.027990
-0.083403
0.090682
-0.312792
-0.539385
0.307750
-0.374931
-0.060337
-0.047084
0.011609
-0.269637
0.687504
-0.012353
-0.025602
-0.026432
0.014631
-0.034752
0.125053
-0.070637
0.363845
-0.062673
-0.231290
-0.246753
0.176822
-0.084722
-0.022807
-0.423612
0.089604
-0.061616
-0.074671
0.042651
-0.029969
0.029673
0.139024
0.099309
0.025996
0.107683
0.044169
-0.227311
0.051282
-0.089021
0.455583
-0.054211
0.013224
0.044056
0.007742
-0.037571
-0.322558
-0.276254
0.112568
0.009417
0.036226
-0.011038
0.132364
0.099450
-0.088219
0.479163
0.380930
0.034828
-0.058149
-0.134400
0.056706
0.004990
-0.070246
0.106346
-0.078848
0.199499
0.089886
0.322088
0.352810
0.130433
-0.034569
0.131499
-0.029223
0.078792
-0.037239
0.200540
0.365977
0.048753
0.176910
-0.014765
-0.040238
0.773637
-0.257628
0.208517
-0.594938
0.175033
0.538421
0.063074
-0.027716
-0.222090
-0.010049
-0.092667
0.154006
0.037747
0.043976
-0.067033
-0.077708
-0.033011
0.249696
0.029021
0.155551
0.097861
0.061061
0.018288
0.089057
0.146922
0.006771
-0.029577
0.354808
-0.068777
-0.051345
0.016205
0.096744
0.477986
-0.107101
-0.035552
-0.010735
0.028254
-0.276963
0.041697
0.020299
0.208850
-0.111784
0.019389
0.008026
0.507862
0.048015
0.025509
-0.048534
0.060841
0.263287
0.140275
0.156134
0.130431
-0.015934
-0.008075
-0.003317
0.211008
0.004028
0.669706
0.171364
-0.149114
0.109011
-0.096275
0.053191
0.209710
-0.212654
0.140411
0.019476
0.047557
0.305478
-0.195213
0.286710
0.309570
-0.112229
0.041950
0.165455
0.078418
-0.237418
0.420350
-0.059218
0.112961
0.418771
-0.467900
0.093143
0.085700
-0.038114
-0.113626
0.019437
-0.196722
0.396111
-0.030983
0.040668
0.019583
-0.041764
-0.000376
-0.220363
-0.009696
0.033941
0.077845
0.028825
0.077708
-0.144299
0.452217
0.007087
0.036426
-0.058349
-0.012389
-0.023780
-0.070406
-0.146809
0.840485
-0.014034
0.003230
0.071482
0.137053
0.171062
0.030523
0.017928
-0.047414
-0.025873
0.037714
-0.065467
0.668798
0.211032
-0.068917
0.153861
-0.062464
0.078077
0.025914
-0.069400
0.080534
-0.151552
0.226905
-0.006648
0.054380
0.030009
-0.040267
-0.275456
0.015779
-0.023947
0.598952
0.021494
0.008331
-0.161178
0.039352
-0.211815
0.006686
-0.028543
0.000485
0.047261
-0.258893
0.057492
0.368988
0.055027
0.107535
0.120792
0.003077
-0.189479
0.203499
0.047208
-0.199351
0.460010
-0.001352
-0.188601
-0.553561
0.063415
-0.105388
-0.027239
-0.327369
0.019819
-0.019950
-0.203892
0.081930
-0.054267
0.058759
0.344107
0.021188
0.063415
0.113682
0.288317
0.248339
0.018662
0.055151
-0.004997
0.046888
0.044342
-0.035277
0.447393
0.084770
0.227331
-0.021675
-0.017474
0.679525
0.375685
0.184961
-0.205563
-0.242265
0.247974
0.228448
-0.000308
-0.231919
-0.038848
-0.070826
-0.345952
-0.000014
0.147084
-0.200749
0.178306
-0.033483
-0.042986
0.103564
-0.008101
-0.226130
-0.075964
-0.389280
-0.076738
-0.121735
0.062855
-0.151209
-0.010113
-0.006247
0.500284
0.049380
0.046321
0.059120
-0.035159
0.120327
0.094892
-0.225429
-0.024556
0.407177
-0.342651
-0.159147
0.035188
0.071564
-0.105771
0.002171
-0.085610
0.125492
0.125468
0.041912
-0.072834
0.115956
-0.040126
-0.043121
-0.030692
-0.100237
0.129133
-0.050552
0.081639
0.160643
-0.197291
0.053667
-0.318866
-0.089063
-0.045870
-0.307356
-0.148158
0.196368
-0.480240
0.203518
0.488943
0.084217
-0.018050
-0.151567
-0.060482
-0.056273
0.335028
0.002621
0.038598
-0.063578
-0.113499
-0.170898
-0.356965
-0.142661
-0.054985
0.105016
0.100761
-0.277825
0.136300
0.256590
0.008516
0.151101
-0.048621
-0.058773
-0.277975
0.540161
-0.091885
0.128556
0.170915
0.158436
0.227067
0.205913
0.008578
0.493806
-0.109168
0.146079
0.004137
0.435119
0.131456
0.023076
0.173977
0.093452
-0.014378
0.190776
-0.154761
0.011247
0.093633
0.041909
-0.008656
0.077834
0.064437
-0.029786
0.016610
-0.257601
0.050405
0.093451
0.015781
-0.120172
0.010616
0.203264
0.287114
0.050129
0.043228
0.033427
0.191789
-0.060518
0.045865
-0.367828
-0.060678
0.036947
-0.059236
0.056797
-0.314424
0.725048
0.015010
-0.026398
0.194892
0.095000
-0.230794
0.035146
0.315333
0.425123
-0.013023
-0.096579
-0.177593
-0.023319
-0.400245
0.040148
0.241463
-0.265273
-0.037632
-0.050763
-0.286356
-0.560322
0.351363
-0.262272
-0.063632
0.049177
0.008227
-0.270688
0.618515
-0.023674
0.038805
0.000108
0.011150
-0.058862
0.042764
0.005704
0.055659
-0.113781
-0.020153
0.110977
0.081989
0.151191
0.083305
-0.204755
0.067465
0.012357
0.043977
-0.045349
-0.327237
-0.097215
-0.042539
-0.107968
0.004479
0.011653
0.015392
0.122543
0.009608
0.463313
-0.009157
0.080888
0.012072
-0.006495
-0.059992
0.041852
-0.221783
-0.151495
0.007486
0.114712
-0.438556
0.061075
-0.073275
-0.315778
0.218197
0.008310
-0.008663
0.477317
0.000750
-0.057853
0.257516
-0.018958
0.006493
-0.031593
0.200611
-0.147460
-0.266668
0.018471
0.012729
0.106516
-0.278274
-0.015860
0.347356
0.298339
0.407048
-0.027856
0.049110
0.029289
-0.167171
0.330038
0.189681
0.017941
0.174810
-0.028317
-0.062374
0.195724
0.319163
-0.332466
-0.009568
-0.173881
-0.047606
0.015511
0.148510
0.038457
-0.078069
0.195212
-0.211162
-0.097662
-0.340172
-0.340270
-0.005184
0.232745
0.156120
0.093231
-0.021585
0.479474
0.319168
-0.043240
-0.243578
-0.025955
0.132827
-0.270537
-0.269172
0.037753
-0.376713
-0.164709
-0.077506
0.048777
0.060615
-0.020807
0.012380
0.548423
0.117684
-0.005482
-0.111192
0.109032
0.003303
-0.008205
-0.131228
-0.030404
0.408163
0.081694
0.031814
0.024783
0.038985
0.492872
0.195751
-0.491040
0.222117
-0.087341
-0.082442
0.092644
0.342814
0.078933
0.227042
-0.240255
-0.375105
0.071012
0.081594
0.205959
0.276803
0.653540
0.138368
0.423827
-0.108345
-0.090494
-0.017858
0.027263
0.489905
0.034690
-0.051480
-0.188381
0.099790
0.069943
0.129180
0.058047
-0.005916
0.263196
-0.050650
0.120987
-0.002595
0.046916
0.055696
-0.039255
0.691806
0.677747
0.026577
0.081424
0.525722
-0.358395
-0.098189
0.100650
0.083706
-0.035576
-0.028747
-0.355498
0.222542
-0.025736
0.129208
0.106252
0.033143
-0.018513
-0.204015
-0.056370
0.165485
-1.347169
0.279612
0.137246
-0.013940
-0.039200
0.019915
0.191880
0.400241
-0.020346
-0.020364
-0.095749
-0.012912
-0.011086
-0.247431
0.013548
0.013980
0.087979
-0.028904
0.188638
-0.419350
0.038970
0.029966
-0.017947
-0.289369
0.086280
0.003354
0.734003
0.013925
0.030768
-0.078502
0.088305
0.098991
0.018757
0.088822
0.159118
0.033887
0.092511
0.593220
0.093981
-0.040499
0.039701
0.049220
0.026672
0.716089
-0.216598
-0.008490
0.098721
-0.113891
-0.135545
0.109932
-0.014882
-0.397681
0.011794
0.028059
-0.066349
0.079114
0.043406
0.009164
0.582466
0.016585
-0.000336
-0.061862
0.041572
-0.371149
-0.294182
-0.089116
-0.025294
0.063619
-0.037516
0.002236
0.517893
0.175374
-0.019609
-0.075912
0.083560
-0.017650
-0.016108
-0.080825
0.092526
-0.242045
0.211116
-0.630126
0.122587
0.473113
-0.125134
0.038021
-0.173736
-0.003898
-0.002112
-0.200710
-0.070564
-0.036582
0.043002
-0.019237
0.114060
0.265104
0.295744
-0.692395
0.194037
0.334599
0.005688
-0.028180
0.229832
-0.076756
-0.086961
0.543393
-0.103950
0.007604
-0.029864
-0.057803
-0.206022
-0.046954
0.158160
0.154644
0.051967
0.032463
0.463028
0.088501
0.115042
0.011248
0.127891
0.135034
0.006432
-0.267707
0.031301
-0.047533
0.023784
0.325259
0.133263
0.015168
0.015029
0.205357
-0.344803
0.538517
-0.322012
-0.139958
-0.020546
0.057823
0.085565
-0.206318
0.240605
0.090270
0.176295
0.047096
-0.012121
0.167964
0.001403
-0.319544
-0.080641
0.161218
0.062658
0.490621
-0.095036
-0.079614
0.236624
-0.074721
0.165790
0.148038
-0.044901
0.315127
-0.103256
-0.164375
0.107953
0.193809
0.275005
-0.056315
-0.341134
-0.013818
-0.036354
0.203564
0.007943
0.186181
-0.078409
-0.050089
-0.153770
0.124646
0.245095
-0.878880
0.114611
0.259266
-0.169273
0.026003
0.196792
-0.066994
0.027784
-0.359611
-0.150258
-0.039516
0.046531
0.052865
0.257734
0.592698
-0.147037
-0.160076
-0.106599
0.043803
-0.052927
0.020628
-0.342129
0.022874
0.042480
-0.113664
0.214969
-0.024169
0.030869
0.092707
-0.098229
-0.045153
0.163910
-0.163090
0.154626
-0.015854
0.033653
0.021363
-0.059085
-0.309535
0.012650
-0.038745
0.649548
0.032091
-0.006818
-0.080567
0.042134
-0.380937
0.055535
-0.049482
-0.231467
0.127424
0.048928
-0.026930
0.494415
-0.031252
-0.084343
0.200631
0.096660
0.050418
-0.030347
0.159485
-0.091053
