(1, 1, 16, 64)
-0.104719
-0.010148
-0.076035
-0.049600
-0.008061
-0.006546
0.107465
0.000293
0.084686
-0.281241
0.010923
0.040590
0.064343
-0.060718
0.289041
-0.028435
0.090474
0.180632
0.018397
0.713927
0.181279
0.241699
-0.014845
0.094185
0.149937
0.071572
-0.102745
-0.479375
0.184881
-0.156102
-0.155856
0.149536
0.199666
0.177000
0.092760
-0.079427
0.074578
0.210808
0.783935
0.127396
-0.352295
-0.250342
0.193246
-0.016318
0.042160
0.056377
-0.022748
0.221386
0.001477
0.017564
0.031746
0.027048
-0.032331
0.122023
0.341458
-0.230025
-0.151020
0.133722
0.094565
-0.045999
-0.063816
0.103046
-0.055817
0.009335
0.237081
-0.070243
-0.166249
-0.198728
-0.089875
-0.089672
-0.023450
-0.219365
-0.003626
0.172250
-0.082124
-0.011203
0.001678
-0.338975
-0.151877
0.067070
-0.156218
-0.050064
-0.060683
-0.135133
0.026594
0.099149
-0.071956
0.337319
-0.021088
-0.092850
-0.129607
-0.035639
-0.109498
0.104627
0.192952
-0.038543
0.194201
0.103529
-0.129394
-0.189196
-0.030250
0.110636
-0.070894
0.279116
-0.054154
-0.040445
0.103320
-0.092165
-0.180146
0.032025
0.180186
-0.018835
-0.074270
-0.042036
-0.035673
0.479961
-0.112134
-0.234995
0.101614
0.325831
0.095414
-0.036770
0.017853
-0.137032
-0.023682
0.031735
0.086873
-0.035837
-0.175091
-0.454101
-0.260649
-0.055525
-0.262107
-0.179608
0.059893
0.182082
-0.191735
-0.061840
-0.040157
-0.025552
-0.081495
-0.377496
-0.116215
-0.228573
-0.115509
-0.013369
0.061207
-0.247970
-0.041326
-0.132693
0.091712
0.213959
0.058688
-0.192299
-0.088691
-0.103969
-0.128807
-0.220296
-0.055232
0.050091
-0.284360
-0.043092
-0.293562
-0.220408
-0.110730
-0.014931
-0.069320
-0.053626
-0.042931
-0.255254
-0.287540
-0.280703
-0.343099
0.124314
-0.107858
0.114340
-0.042721
-0.394390
0.286368
-0.136607
-0.378900
-0.315000
-0.112660
0.129329
-0.040274
-0.116958
-0.358720
-0.074041
0.023017
0.013379
0.405736
-0.002694
0.265665
0.019951
0.040223
0.496414
0.060738
0.205708
-0.075116
-0.121722
0.069423
0.339348
-0.025709
-0.031292
-0.019223
0.253228
0.101600
-0.094052
0.143621
-0.038317
-0.057983
0.083388
-0.018881
-0.328628
-0.001196
-0.262909
-0.104572
0.054121
0.087094
-0.107727
0.011448
-0.103740
0.069134
0.344152
-0.041654
-0.064713
0.011062
-0.357343
0.040264
-0.256264
-0.025808
0.103268
0.050282
0.048959
-0.122378
0.016353
0.093294
-0.092860
0.003600
0.020793
0.131988
-0.083781
-0.090507
0.047672
-0.033272
-0.011151
-0.071906
-0.020398
-0.017863
0.118843
0.043669
0.151765
-0.105707
-0.035942
0.088680
0.039990
-0.359541
-0.123740
0.060527
-0.187590
-0.019746
0.068844
-0.078915
0.667485
0.070262
-0.400285
0.019928
-0.019323
-0.001344
0.284108
0.000147
-0.055686
-0.196772
-0.065502
-0.077463
-0.201391
-0.225235
-0.053273
0.257046
-0.377413
-0.034573
0.134421
-0.033046
-0.093655
-0.060048
-0.143591
0.169242
0.051076
-0.326486
-0.015916
0.526523
-0.177280
-0.083090
0.056287
-0.000866
0.297285
-0.084585
0.163958
0.090895
-0.124806
-0.171849
0.023159
0.158218
0.090444
-0.077484
0.032492
0.038036
-0.190096
-0.114563
0.015039
-0.039236
-0.027126
-0.032514
0.101415
-0.035226
-0.087165
-0.096342
0.053412
-0.128061
-0.088740
0.259967
0.090705
0.352302
0.018184
0.013136
0.032673
0.010478
0.108759
0.138895
-0.000289
-0.018884
0.118445
-0.141194
0.160122
0.145872
-0.107811
-0.271679
0.021100
0.122011
-0.213795
0.308079
0.215149
0.071003
0.054231
0.442550
0.242870
0.185739
0.024084
0.404483
0.265099
-0.125586
-0.001187
0.236040
0.424157
0.001779
0.121103
0.159638
0.378007
-0.175863
0.180580
0.440746
0.092734
0.317005
0.012422
0.169025
0.142947
-0.046447
0.520952
-0.157837
-0.257170
-0.108988
-0.022395
0.109495
0.410238
0.089908
0.147192
0.034077
0.216731
0.136336
0.207475
-0.038380
0.097373
0.127075
0.261775
-0.073195
-0.161915
-0.144455
0.164163
0.026739
0.419324
-0.128800
-0.186341
-0.157453
0.185089
0.014464
-0.124216
-0.037197
-0.078206
-0.119184
0.324291
0.093197
0.103725
-0.194354
0.140959
0.187187
0.022026
0.051803
-0.136525
-0.154154
-0.107468
0.130752
-0.041533
0.048299
0.134595
0.358527
-0.174750
-0.106218
-0.029763
0.023824
0.120274
-0.140267
-0.068232
-0.017201
0.228689
-0.134947
0.007370
-0.193630
-0.057756
0.052182
-0.085243
0.301582
-0.206542
-0.080985
-0.104349
-0.265796
-0.135163
0.001497
-0.111094
0.094669
-0.213519
0.011571
-0.232769
-0.091676
-0.017145
-0.100509
-0.068892
-0.186311
-0.115834
0.152815
0.017237
0.252780
-0.050227
0.079533
0.052866
0.136402
-0.026720
0.044545
-0.184677
0.807208
-0.049574
-0.005783
-0.086656
-0.327171
-0.041566
0.417057
0.455504
0.052333
0.115718
-0.108597
0.079578
-0.096847
-0.032478
-0.054955
-0.271287
0.257960
0.442666
0.046054
0.362468
-0.353664
-0.009038
-0.122940
-0.368996
-0.060699
-0.096442
0.006717
0.095366
0.224924
0.036311
0.248809
-0.129691
0.025984
0.063995
-0.153361
0.001407
0.012006
-0.036209
0.133242
0.074013
0.072523
-0.138079
-0.017872
0.006215
0.388285
0.196530
-0.139642
-0.015439
0.035522
-0.122721
-0.092270
-0.056816
-0.248834
-0.153291
-0.062605
-0.011754
0.129196
0.159571
0.011586
0.183788
0.143256
0.019260
0.009342
0.123534
0.032562
-0.046612
-0.036297
0.113209
0.036688
0.034944
0.063949
-0.003059
-0.020991
-0.018824
0.061474
-0.316864
-0.144825
-0.146330
-0.037479
0.013875
-0.145566
-0.037471
-0.001869
0.133078
-0.023094
-0.165183
0.288780
0.007454
0.078022
0.671789
0.039133
-0.124345
-0.019322
0.147144
0.095211
-0.038047
-0.021901
-0.065428
0.159162
0.040511
0.043154
0.050908
0.127959
-0.025774
0.039769
-0.176383
0.086925
0.182030
-0.052306
0.097663
0.040761
0.182370
0.100970
0.002381
0.049441
0.065739
0.068892
0.189980
-0.083095
-0.005626
-0.101630
-0.055891
-0.021755
-0.141945
0.105435
-0.025325
-0.002097
-0.127156
0.005653
-0.028965
-0.014199
0.037792
0.281817
0.005486
0.204618
-0.699168
0.004647
-0.055761
-0.176260
0.144501
0.096252
-0.114077
0.007072
-0.090696
0.149256
0.352193
-0.089340
-0.186398
-0.103201
0.105264
-0.058352
-0.218617
-0.080375
-0.056194
0.016505
0.153790
-0.141193
0.067939
0.212434
-0.218747
0.144877
0.025504
0.457561
-0.059839
0.089698
0.069898
-0.067813
-0.024589
0.073720
0.010315
-0.071316
-0.031066
-0.414326
0.021571
0.961317
0.058659
0.074192
0.005011
-0.022291
0.000435
-0.086520
-0.093883
-0.044599
-0.180512
-0.067570
-0.211368
0.077240
-0.226619
-0.191804
-0.102882
0.081612
-0.081366
-0.000326
-0.036380
0.048630
-0.188579
-0.030778
-0.232918
-0.203560
-0.070682
-0.050678
-0.081464
0.039331
-0.549482
0.094792
0.143926
-0.307202
0.025824
0.120098
-0.074079
-0.175795
-0.095119
-0.120728
0.007911
0.120217
-0.139896
0.042044
0.016009
-0.043663
-0.052804
0.111570
0.062840
-0.027067
-0.275104
0.175794
-0.226110
-0.016480
-0.126366
0.037023
0.153386
0.251281
0.128555
0.386024
0.139894
-0.195360
-0.056487
-0.173029
-0.135574
-0.021496
-0.070852
0.149480
-0.196041
0.147676
0.057323
-0.045844
0.472384
-0.069273
0.011519
0.081206
-0.161701
0.379784
-0.058503
-0.204746
0.061221
-0.293592
0.076993
0.011235
0.042608
0.001877
-0.037958
0.049988
-0.009800
-0.031206
-0.008246
-0.018535
0.018716
0.058840
-0.006073
0.033232
0.056576
-0.013875
0.101471
-0.042591
-0.006338
0.136441
-0.055026
0.000021
0.202912
-0.037296
-0.003236
-0.032289
-0.121180
-0.347901
-0.168201
0.023040
0.130691
0.021217
0.213133
0.102698
0.432414
-0.005625
0.464835
0.061685
-0.097434
0.248871
-0.000884
-0.151671
0.056409
-0.069663
-0.180341
0.003502
-0.026154
0.026445
0.016903
-0.080362
0.367607
-0.265217
-0.130576
0.126844
0.028670
-0.036673
0.458799
0.082341
-0.134735
-0.241752
0.086557
0.069529
0.005018
0.365874
0.100423
-0.007424
-0.326246
0.051114
-0.061434
0.083803
-0.275226
0.112372
-0.018333
0.545125
-0.029273
0.006141
0.293135
0.122884
-0.013813
0.148065
0.156951
-0.049283
-0.046619
-0.142811
-0.096827
-0.236497
-0.085485
0.064371
-0.111340
0.081814
-0.079050
-0.420380
-0.103437
0.023754
0.096146
-0.048078
0.219501
-0.132620
0.297886
0.015461
-0.079825
-0.118311
-0.093420
0.111533
0.209182
-0.205398
0.085667
-0.161824
-0.036762
-0.046200
-0.057150
-0.020986
-0.258513
-0.139787
-0.180227
0.245338
-0.207101
0.029369
-0.083848
-0.140038
-0.025910
-0.088438
-0.144394
-0.233712
-0.008164
0.322866
0.008865
0.240074
0.130254
0.009851
-0.262084
-0.035103
-0.116875
0.061529
0.020657
0.056668
-0.028129
-0.121962
-0.001834
0.062067
0.045944
-0.008896
-0.034920
0.079508
-0.231205
0.080854
-0.005602
-0.125764
0.000075
0.014750
-0.173242
-0.082525
-0.017020
0.034139
-0.048177
0.201460
0.058751
-0.007689
0.145430
-0.011600
0.172862
-0.147539
-0.250927
0.008366
-0.142684
-0.135589
-0.122161
-0.209312
0.035268
-0.163193
0.075798
0.594028
0.101311
-0.009050
-0.022898
-0.013347
-0.122664
0.023657
-0.152826
0.054201
0.462291
0.069270
-0.092741
-0.046781
-0.151131
-0.155244
-0.159425
0.234216
0.068123
-0.172217
0.013279
-0.330419
0.022851
-0.001133
0.524887
0.045139
-0.074944
0.085507
0.383027
0.128082
-0.011503
-0.338581
-0.048953
-0.014828
0.245465
0.115902
0.038969
0.116245
-0.301836
-0.009425
-0.052097
0.004162
-0.061580
-0.040299
-0.065253
-0.038358
-0.056455
0.069177
-0.007256
0.496747
-0.143399
0.020431
0.085660
0.049847
0.232985
-0.066386
0.001946
-0.046230
-0.128942
-0.391120
-0.149346
-0.313634
0.198051
-0.163426
0.079394
-0.121629
-0.095664
-0.055672
-0.063972
-0.008619
0.118987
-0.097489
-0.127498
-0.259783
-0.039975
0.056874
0.082063
0.202618
-0.031683
-0.185679
0.094889
-0.166991
-0.383590
-0.026059
0.095443
-0.170665
-0.252730
-0.046901
0.043388
0.583941
0.144932
0.089914
-0.113206
-0.213033
-0.094664
-0.066235
-0.003627
-0.289490
0.293044
-0.529828
0.185825
-0.332564
0.152445
-0.390776
-0.001439
0.251171
0.123197
-0.190788
-0.262383
0.011066
0.227323
-0.084564
-0.016538
-0.122770
0.195810
-0.022803
0.202026
0.120273
-0.082600
0.188984
-0.241602
-0.243638
0.017109
-0.405370
-0.251158
-0.026561
0.226123
0.053634
-0.071450
-0.318038
0.131521
0.035615
-0.275716
0.076285
-0.285802
0.397013
0.048623
0.119076
-0.054874
-0.056238
-0.153810
