(64,)
0.000914
0.062865
0.029321
0.049725
-0.000204
0.049565
-0.030759
0.033684
0.100139
0.148365
0.060363
0.051633
0.101133
-0.002390
-0.014843
-0.002114
0.056156
-0.002572
0.110040
-0.041219
0.135826
-0.042856
0.061480
0.063543
0.082107
0.005812
-0.025461
0.046093
-0.061463
0.034172
0.023704
0.089968
0.006268
-0.002258
0.016431
0.024374
-0.009635
-0.036185
0.026070
-0.007177
-0.055213
0.039113
-0.020876
0.045306
0.057094
0.041785
0.001531
-0.004335
0.011847
-0.005447
0.023165
0.030697
-0.037196
0.002613
-0.035824
-0.017513
-0.020242
-0.038471
0.039311
0.101045
0.021289
0.006786
0.020862
0.003770
