(1, 1, 16, 64)
-0.127073
-0.170039
0.043416
0.335259
-0.001026
-0.334430
-0.169570
-0.007397
0.215033
0.110240
-0.368914
0.050131
0.064493
-0.054556
-0.147600
-0.055876
-0.002184
0.016580
0.184158
0.061736
-0.631638
0.789839
-0.043591
-0.117618
-0.025237
-0.015109
-0.365593
-0.309208
-0.600027
-0.008617
-0.009261
0.058897
0.353563
0.039668
-0.015810
0.040029
-0.105585
-0.053726
-0.116348
-0.114119
0.021276
0.248539
-0.045991
-0.056303
-0.408385
0.127437
-0.008314
-0.071138
-0.061891
-0.191312
-0.013017
0.044837
-0.149805
0.033297
-0.037453
-0.042519
-0.058315
-0.096765
-0.054726
-0.068659
0.522597
-0.066613
0.162946
-0.081493
-0.225242
0.320991
0.025390
-0.235245
0.002061
0.099857
0.297722
0.033303
-0.044043
-0.047336
0.526758
0.358029
-0.020777
-0.160094
0.097588
-0.148301
-0.058287
-0.062207
-0.214098
0.001993
-0.084065
-0.008954
-0.030379
-0.044106
-0.000551
-0.035644
-0.185605
-0.097930
0.021220
-0.076280
-0.000845
-0.101958
0.120411
0.019851
-0.062581
0.062737
0.049969
-0.004947
0.246723
0.091113
-0.034664
-0.111932
0.016818
-0.058088
-0.094870
-0.085972
0.015603
0.320074
-0.064446
0.230865
0.308890
0.036609
0.321933
0.030816
-0.008613
0.088397
-0.015404
-0.134980
-0.080870
-0.077890
0.124620
-0.123911
-0.062138
-0.071316
0.385143
-0.024484
-0.028102
0.063561
-0.001225
-0.013503
0.020282
-0.050362
-0.091401
-0.179704
0.058962
-0.065239
-0.103698
0.420587
0.092425
0.159984
-0.094170
-0.047722
0.179098
-0.013549
-0.071572
0.051298
-0.042592
-0.184268
-0.097886
0.002115
0.280404
-0.092886
0.002825
-0.055771
0.003005
-0.047717
0.263633
0.005856
0.225133
-0.169858
0.338626
0.052027
0.498078
0.074746
0.035647
-0.171769
0.105587
-0.117345
0.117691
-0.073099
-0.010891
-0.412053
0.012392
-0.224310
0.502488
-0.084457
-0.040935
0.072038
-0.045942
0.094415
-0.078730
-0.001027
-0.081902
-0.026334
0.023103
-0.089436
0.217997
0.129942
-0.206675
0.047193
-0.059447
0.041105
0.001577
0.125478
-0.443522
-0.044055
-0.093736
-0.090394
-0.195210
0.330081
-0.163256
-0.093527
0.008226
-0.065668
-0.054749
-0.053083
-0.140113
0.054841
-0.097790
-0.113376
-0.025746
-0.084913
0.072007
0.062881
0.209532
-0.158690
0.075710
-0.007899
0.000288
0.100270
-0.171260
0.066147
-0.029816
-0.050099
0.018363
0.035522
0.467165
0.037596
0.074527
0.038992
-0.018000
-0.109476
-0.124750
-0.085049
-0.031019
0.208064
0.113996
0.105868
0.061471
-0.186332
-0.401421
-0.018039
0.002699
0.264842
-0.050161
0.299342
-0.015445
-0.064713
0.272045
-0.114420
0.080355
-0.085407
-0.280762
-0.017049
0.052924
-0.524102
0.002948
-0.064848
-0.060666
-0.038814
0.025921
0.470942
-0.298498
-0.053107
0.160104
-0.010309
0.019946
-0.328557
0.035750
0.042390
-0.431492
0.009871
0.045797
-0.264075
0.021507
0.040344
-0.079899
-0.209324
-0.503313
-0.123243
-0.161150
0.052718
0.001884
0.042602
-0.544268
0.002707
-0.155987
-0.006843
0.071926
0.040080
-0.388735
0.050219
-0.067378
0.010791
-0.223806
0.069449
-0.507724
0.238889
-0.028947
0.336483
-0.280073
0.391347
-0.299351
0.232058
-0.004224
-0.091794
0.052213
-0.272809
0.076994
-0.106918
0.007413
-0.032465
-0.056956
0.016999
-0.144218
-0.176757
0.001308
0.114615
-0.162701
0.072942
0.000054
0.081231
0.028145
-0.329203
0.078371
0.113775
-0.010836
-0.007272
-0.230912
0.024374
-0.147942
0.002599
-0.223059
-0.485740
0.105763
0.156179
0.071914
0.013770
0.078687
0.208669
0.077782
-0.314086
0.072456
0.071179
-0.009410
-0.467607
0.201708
0.143334
0.044644
0.218456
0.073564
0.103034
-0.000274
0.022892
0.007591
0.212782
0.091570
0.154473
-0.136821
0.072042
0.054531
0.050664
0.030897
0.032855
0.027005
0.047995
-0.044594
0.023807
-0.017623
0.453345
-0.316320
0.118713
0.048966
-0.015748
-0.019022
0.099574
0.049089
0.185751
-0.119468
0.033317
-0.008167
0.046249
-0.470315
0.025031
-0.001737
0.086986
0.008807
0.177024
-0.192370
0.057239
0.073670
-0.018353
0.236365
0.012817
-0.093821
0.010468
0.078766
0.252532
0.062268
-0.483787
0.074928
0.001657
0.053944
-0.070205
0.026813
-0.035080
-0.009830
-0.127638
0.016035
-0.260589
-0.674155
0.477405
-0.006339
0.231887
-0.105795
0.023901
0.049547
0.284561
-0.020863
-0.218115
-0.027252
0.136875
-0.105163
-0.197187
0.046896
0.048131
-0.726062
-0.028308
0.113909
0.024137
0.009496
-0.048056
0.026083
0.015259
0.025018
0.032578
0.031728
0.022975
0.157792
0.021928
-0.025151
-0.100950
0.124898
0.055714
-0.069799
-0.126651
0.134762
-0.376750
-0.001737
0.265090
-0.077753
-0.129109
-0.399565
0.047359
0.101955
0.164746
-0.003749
-0.276207
0.520167
0.271018
0.033499
0.018289
0.164820
0.039603
0.411232
-0.536198
-0.040786
-0.036236
-0.326089
-0.042433
0.303321
-0.170523
0.872558
0.125182
0.022623
-0.159725
-0.403430
-0.043308
0.223707
-0.140179
-0.039749
0.006857
-0.188707
0.058623
-0.048825
0.275003
-0.065959
0.221783
0.222386
-0.008252
-0.010170
-0.106323
-0.232984
-0.204931
-0.080055
0.066188
-0.006787
-0.028875
-0.034040
-0.015379
-0.076067
-0.096337
0.124450
-0.079915
-0.458124
-0.064011
0.175914
-0.081299
0.328287
-0.301096
0.117360
-0.001610
-0.001939
-0.477500
-0.287948
-0.175618
0.118304
-0.312256
-0.201557
-0.143995
0.147858
0.141296
-0.062714
-0.019414
0.004597
0.044850
0.249891
0.008705
0.138933
-0.289400
-0.004232
0.179942
-0.282881
-0.014086
0.009031
-0.110623
-0.272950
0.029032
0.000922
0.088299
-0.209895
-0.016971
-0.124444
-0.318892
0.046684
-0.031694
-0.247866
0.124038
-0.021394
-0.035685
0.315773
-0.208563
-0.090658
0.196942
0.048115
-0.666246
0.049428
0.113063
-0.099181
0.200246
-0.205197
-0.000119
-0.032661
-0.094564
0.041317
0.109030
-0.269062
-0.032402
-0.457689
0.025618
-0.057553
-0.009324
0.028850
0.164593
0.139109
0.238693
-0.001894
0.126795
0.026083
-0.006507
0.149630
0.180243
0.051473
0.051937
0.091839
0.018958
-0.204023
0.234244
0.314724
0.098797
0.202909
0.215350
0.200319
0.020427
0.676533
0.129771
0.109683
-0.024897
-0.015474
0.110429
0.011884
0.021457
-0.002829
-0.000150
0.092234
0.098812
0.065942
0.319877
0.103887
-0.205370
-0.096302
0.075813
-0.094490
0.114670
-0.132202
0.157376
0.194093
0.171987
0.200756
0.035655
0.100797
0.031640
0.044213
-0.395506
0.167166
0.080538
-0.001305
-0.077853
-0.059126
0.221432
0.263703
-0.653533
0.099677
0.297519
-0.042625
0.206453
-0.095268
0.099722
0.013289
-0.280008
0.007292
0.053372
0.319865
0.070762
0.077688
-0.026542
-0.107027
0.058673
0.116007
0.231419
-0.075473
0.036011
-0.063552
0.013631
0.087256
-0.003676
0.151196
-0.092046
-0.119001
-0.135703
0.287472
0.084764
0.450663
-0.015276
0.013384
0.045198
-0.033892
0.031143
0.402171
0.039337
-0.082754
-0.122193
-0.345749
-0.175149
0.243872
-0.006935
0.638465
0.107085
-0.072066
0.047906
-0.231098
0.089775
0.029262
-0.000784
0.177839
-0.009602
-0.537839
-0.084546
-0.519477
-0.119914
-0.156807
0.163270
-0.183801
-0.706842
0.108105
0.258459
-0.017672
0.037377
0.246083
-0.227808
-0.051168
0.056318
0.099535
-0.126026
-0.001863
-0.126552
0.075001
0.002647
-0.021939
0.197389
0.035184
-0.527683
0.116889
-0.192120
0.001412
-0.070174
0.046898
0.211618
0.026825
0.027632
-0.037888
0.032921
0.000341
0.205293
-0.022250
-0.096787
-0.006188
0.465834
-0.094448
0.002929
-0.014290
0.001772
-0.040323
0.040425
-0.270321
-0.030403
-0.491654
-0.036221
-0.092162
0.015557
0.004847
-0.535263
0.044531
-0.223714
-0.036437
-0.652483
0.069996
0.091023
0.379989
-0.464993
-0.237614
0.097907
0.023883
0.033668
-0.058936
-0.092283
0.174608
-0.045166
0.070403
-0.010162
-0.153346
0.051055
-0.378573
0.001847
0.033123
-0.055967
0.169399
0.089557
-0.000329
0.107482
0.049291
0.423676
0.164680
0.020562
0.108364
0.062729
0.135076
0.002482
-0.081992
0.011882
0.352214
0.000712
0.058510
-0.434810
0.102832
0.015888
-0.126414
-0.087726
0.065141
0.370648
0.037935
0.207851
-0.021088
0.465670
-0.095216
0.089089
0.034249
-0.430613
0.095963
0.147007
-0.010819
-0.367639
0.104991
-0.431366
0.079300
0.017180
-0.087427
0.153103
0.023185
0.047484
-0.076961
0.035998
0.076927
0.054243
0.011214
0.049154
0.037287
-0.487018
-0.373934
-0.103749
-0.221244
0.035965
0.077805
-0.041992
0.079007
-0.173321
0.117429
0.149362
0.037490
0.050526
0.085733
0.059905
-0.001920
0.069050
0.007214
0.091631
0.084340
0.160654
0.032299
-0.016467
-0.446689
0.049909
0.015692
0.015235
-0.117227
-0.664177
0.126355
-0.379389
0.107755
0.006046
0.039914
0.223480
0.030607
0.057780
0.037015
-0.040668
-0.011499
-0.006792
0.303752
0.449704
-0.000126
-0.593860
0.074342
0.034919
0.048567
0.267403
-0.006943
-0.316119
-0.028404
0.056459
-0.168098
0.108991
0.087017
0.046993
0.197278
-0.017945
-0.033755
-0.008738
0.029276
-0.024033
0.023275
-0.335207
0.304243
0.432633
0.208530
0.001513
-0.137086
0.018281
-0.011744
-0.272513
-0.167804
0.132482
0.144377
-0.248098
0.062515
-0.034547
0.000834
-0.352159
0.380028
-0.026259
0.093716
-0.173363
0.139785
-0.137321
0.051240
-0.113124
-0.055039
-0.016323
-0.022196
0.024988
0.148162
0.040004
-0.011932
-0.046497
0.005094
0.089375
-0.216360
-0.138595
-0.219577
-0.105292
-0.192087
-0.002602
-0.030657
0.017458
0.186241
-0.007647
-0.049620
-0.094786
0.153681
-0.055536
-0.084672
-0.004768
-0.054943
0.029545
0.134636
0.025861
0.116191
0.146749
-0.009198
-0.465620
-0.099419
-0.099495
0.080548
0.218748
0.287782
-0.061523
0.121860
-0.034350
-0.041719
-0.316382
-0.184517
0.078305
-0.259625
0.057864
0.001201
-0.033147
0.019609
0.105124
-0.021791
0.362015
-0.005745
0.149965
-0.112296
0.059153
0.187931
0.156114
0.068060
0.065573
0.210557
-0.097477
-0.139687
-0.053176
-0.187480
0.136623
0.196109
0.127774
0.170751
0.028786
-0.445346
-0.164420
0.335884
0.022440
-0.162002
0.142809
0.003153
0.242082
0.089825
0.028119
-0.141321
0.018578
0.116026
-0.116538
0.149928
-0.201161
-0.293334
0.013971
-0.351982
0.106285
-0.112683
0.188259
0.355532
0.060513
0.109043
0.058871
-0.027765
-0.021084
0.180764
-0.304532
0.378784
-0.017254
0.080666
-0.191457
-0.259941
0.505691
0.235361
0.545610
0.135040
0.308275
-0.098823
-0.189179
