[[[[ 2.3171492e-04 -1.5783684e-03 -1.0993235e-03 ...  3.6079515e-02
    -5.8981842e-01  3.4185928e-01]
   [ 6.4448395e-04 -8.9110679e-04 -5.5126852e-04 ... -3.0324036e-01
    -5.8909255e-01  3.6160445e-01]
   [ 3.9088223e-04 -7.5706933e-04 -6.2506885e-04 ... -2.1918087e-01
    -4.2938530e-01  2.7479982e-01]
   ...
   [ 1.0455264e-03 -3.0667309e-03 -2.8362044e-03 ... -4.0408430e-01
    -1.0828855e+00  9.0724665e-01]
   [ 8.9810346e-04 -3.1081545e-03 -2.2685200e-03 ... -8.8062221e-01
    -1.5873460e+00  8.6421567e-01]
   [ 2.1055847e-04  5.6859601e-05 -2.2234496e-04 ... -1.2880871e+00
    -1.4158664e+00  2.3880932e-01]]

  [[ 4.6605649e-04 -2.1333091e-03 -1.2246494e-03 ...  2.2335950e-02
    -7.2630876e-01 -2.0200428e-02]
   [ 7.7166292e-04 -6.1534374e-04 -2.4949858e-04 ... -3.9676894e-02
    -5.9816623e-01  3.5222119e-01]
   [ 1.0355912e-03 -9.8122109e-04 -8.2039525e-04 ... -8.5929975e-02
    -6.2107378e-01  2.6240265e-01]
   ...
   [ 2.1052600e-03 -4.7350628e-03 -3.9436999e-03 ... -2.2740118e-01
    -1.5888497e+00  3.1590012e-01]
   [ 1.8197446e-03 -4.6073045e-03 -3.3815387e-03 ... -5.1597303e-01
    -2.0110230e+00  9.6568358e-01]
   [ 1.5323188e-03  1.1886406e-03  4.6200695e-04 ... -9.8391879e-01
    -1.5994956e+00  9.2312795e-01]]

  [[ 1.1051225e-03 -1.6124967e-03 -1.3503268e-03 ... -1.6897712e-02
    -1.0481865e+00 -1.9796114e-01]
   [ 7.5836584e-04 -2.2847322e-04 -1.2602903e-03 ... -3.1531423e-01
    -9.2394412e-01  2.6595509e-01]
   [ 6.1809504e-04 -1.0705425e-03 -1.8849570e-03 ... -4.3185306e-01
    -8.0653018e-01  8.9938536e-02]
   ...
   [ 2.4139346e-03 -5.1283045e-03 -4.7862674e-03 ... -1.5204318e-01
    -1.5786180e+00 -5.3085673e-01]
   [ 2.0072614e-03 -5.4108622e-03 -4.5819096e-03 ... -2.6209405e-01
    -2.1588981e+00  2.2957578e-01]
   [ 1.4819499e-03  1.5368081e-03  4.7486792e-05 ... -5.9437639e-01
    -1.4490438e+00  1.1430632e+00]]

  ...

  [[ 1.7161638e-03 -3.8288648e-03 -3.4494766e-03 ... -2.0314275e-01
    -2.0655353e+00  8.3910936e-01]
   [ 2.6927828e-03  1.9097369e-04 -9.8571880e-04 ... -1.3732961e+00
    -1.7659466e+00  1.1268911e+00]
   [ 1.3664557e-03 -1.8441274e-04 -4.8222014e-04 ... -1.2959461e+00
    -9.7695863e-01  4.5866135e-01]
   ...
   [ 2.7805821e-03 -3.7521396e-03 -4.9687922e-03 ... -1.0376215e+00
    -2.0886149e+00  1.2829193e+00]
   [ 2.2311904e-03 -3.5423371e-03 -4.0479437e-03 ... -1.9235706e+00
    -2.6240590e+00  1.2297995e+00]
   [ 8.4766024e-04  7.3082827e-04 -8.1884390e-04 ... -2.3464353e+00
    -2.0532272e+00  4.5105845e-01]]

  [[ 1.6035573e-03 -7.0150434e-03 -5.5329641e-03 ... -9.3888953e-02
    -2.2452302e+00  8.1554502e-01]
   [ 2.9546311e-03 -5.8545993e-04 -2.0575193e-03 ... -1.0210387e+00
    -1.9836178e+00  1.7096822e+00]
   [ 2.1882940e-03 -6.9024609e-05 -5.9356814e-04 ... -1.2079183e+00
    -1.4602469e+00  9.4729626e-01]
   ...
   [ 3.1460361e-03 -8.9518540e-03 -8.8006454e-03 ... -1.6909717e+00
    -3.4519699e+00  1.1125736e+00]
   [ 2.9046175e-03 -7.1505797e-03 -6.3262521e-03 ... -2.0708838e+00
    -3.5144796e+00  1.8442776e+00]
   [ 2.5083160e-03  1.2062425e-03  9.7677822e-04 ... -2.1222408e+00
    -2.5400751e+00  1.3427439e+00]]

  [[ 2.8416971e-04 -7.8450516e-03 -3.7100695e-03 ...  6.1069664e-02
    -1.6122650e+00 -1.1200699e+00]
   [ 1.9594128e-03 -2.1758934e-03 -2.0863369e-04 ...  4.6615949e-01
    -1.1540778e+00  6.1920071e-01]
   [ 1.9932794e-03 -3.6114009e-04  7.2326651e-04 ...  3.1324342e-01
    -7.4823558e-01  7.0441729e-01]
   ...
   [ 1.3497680e-03 -9.8717371e-03 -4.3311715e-03 ... -1.5571438e-01
    -2.5256858e+00 -1.6281363e+00]
   [ 3.2173535e-03 -6.7831557e-03 -2.1767954e-03 ...  3.7112400e-01
    -2.4215343e+00 -4.3695936e-01]
   [ 4.2514596e-03  2.2595932e-03  3.2594677e-03 ...  7.6992679e-01
    -9.5302236e-01  1.8342582e+00]]]]